2 0.1847037037037037 0.7791296296296296 0.11962037037037035 0.155111111111111
2 0.6064814814814815 0.6467222222222222 0.10318518518518516 0.14629629629629637
2 0.7217731481481482 0.5227222222222222 0.11553703703703717 0.14
2 0.7994490740740742 0.7015740740740741 0.10950925925925901 0.14981481481481485
2 0.7187731481481481 0.2752962962962963 0.10796296296296305 0.13644444444444445
3 0.18392129629629628 0.6033888888888889 0.1245462962962963 0.15192592592592594
3 0.3416851851851852 0.42318518518518516 0.10936111111111117 0.1431481481481482
3 0.5193935185185186 0.8032037037037036 0.12557407407407412 0.14196296296296282
3 0.4245509259259259 0.3015555555555556 0.11829629629629636 0.1517407407407408
3 0.5359907407407407 0.2290740740740741 0.1195092592592593 0.1501111111111111
0 0.5851527777777779 0.38959259259259255 0.10917592592592598 0.13481481481481486
0 0.37306481481481485 0.5423703703703704 0.11682407407407397 0.14170370370370372
0 0.48806481481481484 0.6582037037037037 0.11053703703703704 0.13985185185185192
0 0.7430925925925926 0.8356481481481481 0.12068518518518516 0.14681481481481473
0 0.8326064814814813 0.5634814814814814 0.11800000000000012 0.13840740740740748