2 0.2247222222222222 0.13772839506172838 0.1303055555555556 0.17085185185185187
2 0.6185694444444444 0.41375308641975306 0.11386111111111105 0.15886419753086425
2 0.714986111111111 0.575604938271605 0.1263055555555553 0.15577777777777782
2 0.8143611111111112 0.42761728395061727 0.12019444444444445 0.1639876543209876
2 0.6796388888888889 0.8164938271604939 0.11747222222222234 0.15060493827160484
3 0.20072222222222222 0.30969753086419755 0.13524999999999998 0.16761728395061729
3 0.33140277777777777 0.540537037037037 0.1200555555555556 0.15565432098765428
3 0.5542916666666666 0.23087654320987652 0.13511111111111107 0.15928395061728395
3 0.39572222222222225 0.6884259259259259 0.12900000000000006 0.1674938271604939
3 0.4950138888888889 0.7978518518518518 0.13019444444444445 0.1641851851851853
0 0.5645416666666666 0.6584382716049383 0.1186944444444444 0.1489629629629629
0 0.377125 0.4348086419753086 0.1263055555555556 0.15577777777777782
0 0.5046111111111111 0.3615185185185185 0.12127777777777765 0.1540123456790123
0 0.7762222222222224 0.27608024691358024 0.13141666666666652 0.16254320987654314
0 0.8286805555555554 0.5745185185185185 0.12752777777777793 0.15413580246913589