2 0.7769537037037036 0.8092962962962963 0.11461111111111108 0.1561234567901234
2 0.6067268518518518 0.8792777777777778 0.11461111111111108 0.1561234567901234
2 0.7945833333333334 0.49532098765432103 0.11579629629629608 0.14446913580246928
2 0.5713981481481482 0.36979012345679013 0.10953703703703695 0.14274074074074064
2 0.5882222222222222 0.13580246913580246 0.11454629629629637 0.14445679012345677
3 0.3925138888888889 0.7938333333333334 0.12087962962962961 0.1595185185185185
3 0.6791435185185185 0.7525 0.1296203703703705 0.15793827160493834
3 0.3998796296296296 0.5447530864197531 0.11837962962962961 0.1594938271604938
3 0.6083009259259259 0.48764814814814816 0.1145648148148149 0.14779012345679007
3 0.47488425925925926 0.43383333333333335 0.1158148148148149 0.14780246913580242
0 0.29906481481481484 0.6220864197530864 0.12084259259259263 0.15285185185185185
0 0.17104166666666665 0.4141666666666667 0.11584259259259255 0.15280246913580242
0 0.30412962962962964 0.296320987654321 0.11961111111111108 0.15617283950617283
0 0.47006481481481477 0.2412962962962963 0.11460185185185182 0.15445679012345684
0 0.6107638888888889 0.25601851851851853 0.10950925925925929 0.13774074074074075