2 0.17875 0.20333333333333334 0.110625 0.14416666666666667
2 0.5975 0.3775 0.094375 0.13666666666666666
2 0.710625 0.5133333333333333 0.108125 0.13
2 0.79125 0.3416666666666667 0.10125 0.14
2 0.703125 0.76 0.1 0.12666666666666668
3 0.175 0.37916666666666665 0.11625 0.14083333333333334
3 0.329375 0.575 0.10125 0.1325
3 0.513125 0.2125 0.1175 0.13083333333333333
3 0.41 0.705 0.11 0.14166666666666666
3 0.52 0.7883333333333333 0.110625 0.13833333333333334
0 0.571875 0.6325 0.101875 0.125
0 0.3625 0.4583333333333333 0.10875 0.13083333333333333
0 0.479375 0.3541666666666667 0.103125 0.13
0 0.736875 0.20166666666666666 0.1125 0.13583333333333333
0 0.821875 0.48333333333333334 0.11 0.1275