0 0.6149305555555555 0.6676851851851852 0.08680555555555543 0.11248148148148138
0 0.7705324074074074 0.49161111111111117 0.09074074074074076 0.11925925925925943
0 0.791712962962963 0.33237037037037037 0.0984259259259261 0.12614814814814812
0 0.5124074074074074 0.12425925925925926 0.0957870370370371 0.12107407407407407
0 0.553425925925926 0.49933333333333335 0.09208333333333343 0.12262962962962964
3 0.4037268518518519 0.9103888888888889 0.10222222222222228 0.1279259259259258
3 0.5777546296296296 0.8580925925925927 0.08958333333333343 0.1225555555555555
3 0.72875 0.6735555555555556 0.0971759259259258 0.12611111111111103
3 0.37175925925925923 0.5014444444444445 0.08958333333333343 0.1225555555555555
3 0.44775462962962964 0.2697222222222222 0.09731481481481481 0.13111111111111104
2 0.5527083333333334 0.24868518518518518 0.09217592592592595 0.12596296296296297
2 0.7029166666666665 0.3055925925925926 0.08958333333333314 0.1225555555555555
2 0.6320370370370371 0.4292222222222223 0.09083333333333328 0.12259259259259257
2 0.45655092592592594 0.6088703703703703 0.09856481481481481 0.13114814814814812
2 0.5255324074074074 0.7990925925925926 0.09333333333333328 0.1226666666666667