0 0.355 0.27166666666666667 0.108125 0.14083333333333334
0 0.545625 0.5225 0.105 0.13166666666666665
0 0.49125 0.745 0.10375 0.1425
0 0.771875 0.5258333333333334 0.11 0.1325
0 0.89 0.175 0.11 0.14
3 0.690625 0.25333333333333335 0.10625 0.13583333333333333
3 0.4825 0.38333333333333336 0.105625 0.12916666666666668
3 0.63 0.46 0.104375 0.135
3 0.27 0.755 0.103125 0.13583333333333333
3 0.374375 0.7408333333333333 0.10125 0.135
2 0.18625 0.5291666666666667 0.109375 0.1425
2 0.336875 0.5916666666666667 0.1025 0.13333333333333333
2 0.40875 0.48 0.103125 0.1325
2 0.6125 0.7408333333333333 0.104375 0.14
2 0.80625 0.39916666666666667 0.106875 0.12916666666666668