3 0.8227500000000001 0.3237777777777778 0.10855555555555554 0.1477777777777777
3 0.4068333333333334 0.22844444444444445 0.11116666666666675 0.15466666666666667
3 0.5142777777777777 0.372 0.11 0.1595555555555556
3 0.3894027777777778 0.6751666666666667 0.12258333333333325 0.16566666666666682
3 0.3280694444444444 0.835388888888889 0.1138055555555556 0.16322222222222232
2 0.3531944444444444 0.41377777777777774 0.11991666666666674 0.1554444444444444
2 0.5864027777777777 0.7250555555555555 0.11483333333333334 0.15
2 0.6968611111111112 0.6128888888888889 0.10855555555555554 0.1477777777777779
2 0.6488472222222222 0.3483888888888889 0.1073888888888888 0.1526666666666667
2 0.4675277777777778 0.5933333333333334 0.1098888888888888 0.1528888888888889
0 0.5075416666666667 0.10216666666666666 0.1061944444444444 0.15588888888888888
0 0.6916666666666668 0.17566666666666667 0.1088055555555556 0.1627777777777778
0 0.7291249999999999 0.47438888888888886 0.11111111111111086 0.15133333333333326
0 0.5585833333333333 0.4845555555555556 0.10236111111111114 0.15055555555555544
0 0.44072222222222224 0.8162222222222223 0.1186944444444444 0.15700000000000008