0 0.35289351851851847 0.6152222222222222 0.0881018518518519 0.11670370370370374
0 0.2584490740740741 0.3642222222222222 0.09203703703703703 0.12359259259259261
0 0.2816898148148148 0.20366666666666663 0.09847222222222228 0.13062962962962965
0 0.5926157407407407 0.16616666666666668 0.09708333333333342 0.12555555555555556
0 0.45395833333333335 0.4926666666666667 0.09337962962962962 0.12700000000000009
3 0.4804166666666667 0.9468703703703705 0.10226851851851848 0.10625925925925912
3 0.33546296296296296 0.8145185185185185 0.09087962962962962 0.1268518518518518
3 0.2468287037037037 0.5571851851851852 0.09847222222222221 0.13062962962962957
3 0.6188425925925926 0.5967592592592592 0.08962962962962961 0.12677777777777768
3 0.6122685185185185 0.3376111111111111 0.09861111111111115 0.13562962962962957
2 0.5224074074074074 0.2596666666666667 0.09342592592592595 0.12866666666666665
2 0.3699074074074074 0.2280925925925926 0.09087962962962962 0.1268518518518518
2 0.4018981481481481 0.38357407407407407 0.09208333333333343 0.12525925925925926
2 0.513449074074074 0.6497777777777778 0.09986111111111114 0.1357037037037037
2 0.3987962962962963 0.7882222222222223 0.09462962962962962 0.127074074074074