0 0.6073611111111111 0.2919135802469136 0.13981481481481467 0.1869382716049383
0 0.8167361111111111 0.5100679012345679 0.14615740740740735 0.1890987654320988
0 0.5875 0.5616481481481482 0.13444444444444456 0.17987654320987645
0 0.45828703703703705 0.6775493827160495 0.1410648148148148 0.18703703703703695
0 0.4496064814814815 0.9110524691358025 0.14578703703703697 0.177895061728395
2 0.8551851851851852 0.7205246913580247 0.14203703703703696 0.1821358024691358
2 0.7363657407407408 0.6314876543209876 0.14597222222222228 0.18576543209876528
2 0.5956712962962963 0.7647345679012345 0.1433796296296296 0.1839012345679011
2 0.26675925925925925 0.5454320987654321 0.14041666666666672 0.1753703703703703
2 0.16141203703703702 0.29567283950617285 0.13550925925925925 0.17664197530864195
3 0.7687268518518519 0.2507345679012346 0.15143518518518534 0.1944938271604938
3 0.5095370370370371 0.4351851851851851 0.13972222222222228 0.18527160493827163
3 0.3449074074074074 0.3840123456790123 0.13972222222222228 0.18527160493827163
3 0.2053472222222222 0.7056851851851852 0.13282407407407404 0.17311111111111113
3 0.33641203703703704 0.8023271604938272 0.1406018518518519 0.17870370370370361