0 0.6419537037037037 0.2044814814814815 0.11077777777777782 0.14108641975308645
0 0.5023981481481481 0.35085185185185186 0.1020092592592593 0.13766666666666671
0 0.1895925925925926 0.29644444444444445 0.10578703703703703 0.14270370370370378
0 0.3525509259259259 0.6623148148148149 0.09571296296296296 0.12927160493827158
0 0.2763101851851852 0.6614012345679012 0.09569444444444443 0.12593827160493826
3 0.30274537037037036 0.8527962962962964 0.09572222222222222 0.13093827160493826
3 0.4926481481481481 0.6434320987654321 0.10324999999999988 0.13601234567901238
3 0.5358611111111111 0.7396666666666667 0.09572222222222222 0.13093827160493826
3 0.21331018518518519 0.5270308641975309 0.10200000000000004 0.13600000000000004
3 0.7011666666666667 0.45804938271604934 0.10703703703703696 0.14271604938271593
2 0.5930092592592593 0.4649506172839506 0.1007592592592593 0.13765432098765434
2 0.6381759259259259 0.6594938271604938 0.1032592592592593 0.13767901234567906
2 0.41094907407407405 0.3875864197530864 0.10074074074074076 0.13432098765432102
2 0.45272222222222225 0.518 0.09949999999999988 0.13597530864197532
2 0.45075000000000004 0.8729999999999999 0.1032592592592593 0.13767901234567906