0 0.3334722222222222 0.8856666666666668 0.11694444444444443 0.13555555555555582
0 0.7828055555555555 0.706679012345679 0.11586111111111108 0.1405308641975309
0 0.5996111111111111 0.6519259259259259 0.10319444444444457 0.135283950617284
0 0.3575833333333333 0.44573456790123456 0.10319444444444442 0.135283950617284
0 0.2901944444444445 0.487925925925926 0.09825000000000003 0.1368518518518518
3 0.7519027777777778 0.43627777777777776 0.11591666666666668 0.14219753086419756
3 0.4956111111111111 0.38380246913580246 0.10700000000000003 0.13702469135802478
3 0.5043055555555556 0.2693888888888889 0.10433333333333338 0.13197530864197538
3 0.2455972222222222 0.29451234567901236 0.10416666666666671 0.12697530864197537
2 0.6198333333333333 0.2829506172839506 0.11574999999999988 0.1371975308641976
2 0.6454722222222222 0.48924691358024686 0.10438888888888898 0.13364197530864202
2 0.49951388888888887 0.5196481481481482 0.10949999999999989 0.13707407407407401
2 0.37729166666666664 0.19267901234567902 0.10444444444444442 0.1353086419753086
2 0.5069861111111111 0.6687654320987654 0.10825000000000003 0.1370493827160495