2 0.75625 0.17333333333333334 0.10625 0.145
2 0.581875 0.11833333333333333 0.106875 0.145
2 0.791875 0.485 0.108125 0.13333333333333333
2 0.57625 0.6291666666666667 0.101875 0.1325
2 0.606875 0.8608333333333333 0.106875 0.13416666666666666
3 0.373125 0.22083333333333333 0.113125 0.14833333333333334
3 0.661875 0.23833333333333334 0.12125 0.14583333333333334
3 0.395 0.4691666666666667 0.11 0.14916666666666667
3 0.60625 0.5083333333333333 0.10625 0.13666666666666666
3 0.47625 0.5733333333333334 0.1075 0.1375
0 0.29 0.4 0.113125 0.14083333333333334
0 0.174375 0.6183333333333333 0.108125 0.14166666666666666
0 0.31375 0.7241666666666666 0.11125 0.14583333333333334
0 0.4825 0.7658333333333334 0.10625 0.14333333333333334
0 0.621875 0.7391666666666666 0.101875 0.12833333333333333