2 0.7238194444444445 0.8081296296296295 0.09972222222222228 0.13622222222222224
2 0.4605416666666666 0.35653703703703704 0.10097222222222228 0.1362592592592593
2 0.6518194444444444 0.12742592592592594 0.10475000000000023 0.13803703703703704
2 0.4005138888888889 0.20657407407407408 0.11358333333333334 0.1432962962962963
2 0.2907638888888889 0.2248333333333333 0.10866666666666668 0.1481481481481482
0 0.13286111111111112 0.3554074074074074 0.10869444444444447 0.14981481481481476
0 0.42615277777777777 0.6568703703703703 0.09988888888888894 0.14622222222222225
0 0.5749027777777778 0.6524629629629629 0.10483333333333335 0.14303703703703718
0 0.6017916666666666 0.38987037037037037 0.10091666666666668 0.13292592592592598
0 0.7992916666666667 0.15890740740740741 0.10975000000000022 0.13818518518518522
3 0.6509444444444444 0.48762962962962964 0.10224999999999994 0.13796296296296287
3 0.6250555555555555 0.7727037037037037 0.09852777777777774 0.13951851851851851
3 0.3008194444444445 0.6780925925925926 0.10983333333333334 0.14318518518518525
3 0.40673611111111113 0.5048703703703704 0.11099999999999995 0.13822222222222233
3 0.25879166666666664 0.4450555555555555 0.10988888888888887 0.1465185185185184