0 0.349375 0.7113148148148148 0.11125 0.14829629629629626
0 0.54625 0.46381481481481485 0.10875 0.1398888888888888
0 0.4975 0.24025925925925928 0.1075 0.14985185185185182
0 0.7725 0.46377777777777773 0.11375 0.14170370370370372
0 0.88125 0.8172222222222222 0.11375 0.1483703703703704
3 0.68375 0.7347407407407407 0.11 0.1432592592592592
3 0.479375 0.6016296296296296 0.10875 0.13655555555555565
3 0.62875 0.5272037037037036 0.1075 0.14318518518518505
3 0.276875 0.22596296296296298 0.10625 0.1431481481481482
3 0.380625 0.24205555555555552 0.105 0.14311111111111113
2 0.1875 0.45111111111111113 0.1125 0.15166666666666667
2 0.339375 0.3907777777777777 0.10625 0.1414814814814815
2 0.408125 0.5037407407407407 0.10625 0.13981481481481486
2 0.61875 0.24583333333333332 0.1075 0.14818518518518517
2 0.803125 0.5912037037037037 0.11 0.13659259259259254