2 0.6417824074074074 0.14070987654320988 0.12189814814814809 0.16413580246913578
2 0.4990509259259259 0.6645987654320987 0.12319444444444443 0.16586419753086412
2 0.7344444444444445 0.8251851851851851 0.12574074074074076 0.16765432098765434
2 0.4774305555555556 0.8299691358024692 0.13592592592592595 0.17481481481481487
2 0.3693287037037037 0.8479320987654321 0.13226851851851848 0.17796296296296304
0 0.18810185185185188 0.7724074074074074 0.1323148148148148 0.17962962962962972
0 0.395162037037037 0.3848456790123457 0.12342592592592595 0.17419753086419756
0 0.5368518518518518 0.34024691358024695 0.12837962962962962 0.1727777777777778
0 0.625462962962963 0.5867901234567902 0.12180555555555557 0.16080246913580254
0 0.8677083333333334 0.7468827160493827 0.13078703703703695 0.16956790123456794
3 0.648587962962963 0.4755864197530864 0.12449074074074076 0.16759259259259257
3 0.5568981481481482 0.20808641975308642 0.12069444444444442 0.16574074074074077
3 0.27090277777777777 0.4053395061728395 0.13212962962962962 0.17296296296296304
3 0.41317129629629634 0.538858024691358 0.13203703703703695 0.1696296296296297
3 0.28629629629629627 0.6449382716049382 0.13351851851851854 0.17802469135802462