3 0.14084259259259257 0.5782345679012345 0.11901851851851852 0.15111111111111122
3 0.54325 0.7652654320987654 0.12188888888888898 0.15954320987654322
3 0.44863425925925926 0.5979074074074073 0.12078703703703696 0.16282716049382734
3 0.5960787037037037 0.3232407407407408 0.13350925925925922 0.168320987654321
3 0.6696203703703704 0.17588271604938271 0.12468518518518522 0.16630864197530865
2 0.6110648148148148 0.5918024691358024 0.13063888888888897 0.159888888888889
2 0.4061435185185185 0.2297530864197531 0.1253425925925926 0.15302469135802474
2 0.2876574074074074 0.31773456790123455 0.11901851851851852 0.15111111111111114
2 0.3136712962962963 0.5917407407407408 0.1179907407407407 0.15606172839506183
2 0.5130787037037037 0.38758024691358023 0.1204907407407407 0.15616049382716046
0 0.43406018518518524 0.8694753086419754 0.11688888888888897 0.15934567901234573
0 0.258212962962963 0.7548395061728396 0.11968518518518521 0.16611111111111124
0 0.2455185185185185 0.44880246913580246 0.12166666666666671 0.1545432098765432
0 0.4139675925925925 0.4763271604938272 0.11291666666666657 0.15419753086419746
0 0.5571574074074074 0.17060493827160494 0.12946296296296297 0.16150617283950613