2 0.54375 0.9241666666666667 0.088125 0.125
2 0.434375 0.835 0.091875 0.12083333333333333
2 0.561875 0.7991666666666667 0.095 0.1225
2 0.451875 0.35333333333333333 0.08625 0.11583333333333333
2 0.5975 0.39666666666666667 0.088125 0.11916666666666667
3 0.53625 0.1125 0.08625 0.12083333333333333
3 0.571875 0.24416666666666667 0.086875 0.11916666666666667
3 0.69 0.35 0.089375 0.11583333333333333
3 0.333125 0.44416666666666665 0.090625 0.12083333333333333
3 0.26125 0.7366666666666667 0.085 0.12
0 0.669375 0.17166666666666666 0.08125 0.12333333333333334
0 0.55875 0.5233333333333333 0.094375 0.115
0 0.6875 0.5358333333333334 0.091875 0.11916666666666667
0 0.480625 0.6875 0.08875 0.11833333333333333
0 0.32875 0.6558333333333334 0.084375 0.11416666666666667