2 0.7317361111111111 0.8461666666666667 0.16212962962962962 0.14211111111111108
2 0.6164583333333333 0.7413888888888889 0.1456018518518519 0.13566666666666663
2 0.6694444444444444 0.5645000000000001 0.13425925925925924 0.13299999999999992
2 0.37585648148148154 0.6420555555555556 0.13907407407407418 0.130111111111111
2 0.6164120370370371 0.3823333333333333 0.15481481481481482 0.14477777777777778
3 0.6704629629629629 0.24699999999999997 0.15462962962962962 0.14144444444444446
3 0.39898148148148155 0.3530555555555555 0.14263888888888887 0.1271111111111111
3 0.5994907407407407 0.6486666666666666 0.12995370370370382 0.1226666666666667
3 0.43168981481481483 0.7291111111111112 0.13013888888888886 0.12599999999999986
3 0.379537037037037 0.7866666666666666 0.1304166666666667 0.13100000000000003
0 0.33594907407407404 0.5282222222222223 0.14291666666666658 0.1321111111111111
0 0.6119675925925926 0.48144444444444445 0.13370370370370366 0.12299999999999993
0 0.43224537037037036 0.44805555555555554 0.13004629629629633 0.12433333333333337
0 0.19354166666666667 0.4276666666666667 0.13407407407407404 0.1296666666666666
0 0.4804629629629629 0.2525 0.1393518518518519 0.1351111111111111