2 0.6160185185185185 0.8788333333333332 0.14944444444444444 0.11288888888888891
2 0.5237407407407407 0.7526666666666667 0.13437037037037045 0.109888888888889
2 0.6148981481481481 0.5934444444444444 0.1218703703703703 0.10877777777777775
2 0.3055833333333333 0.6069444444444444 0.12797222222222224 0.10599999999999984
2 0.6012453703703704 0.40650000000000003 0.14209259259259255 0.11555555555555552
3 0.6843379629629629 0.2875555555555556 0.14319444444444457 0.1123333333333333
3 0.39118981481481485 0.3326111111111111 0.13150000000000006 0.10133333333333336
3 0.5265648148148148 0.6608888888888889 0.11892592592592592 0.09855555555555573
3 0.3420972222222223 0.7030555555555555 0.11914814814814804 0.10355555555555554
3 0.27741203703703704 0.7466666666666667 0.11812037037037043 0.10844444444444434
0 0.2895185185185185 0.4883888888888888 0.13172222222222224 0.10633333333333325
0 0.5756990740740741 0.5012777777777777 0.12267592592592592 0.09888888888888876
0 0.40373148148148147 0.43161111111111106 0.11900000000000005 0.10022222222222221
0 0.16966666666666666 0.36144444444444446 0.1217962962962963 0.10711111111111109
0 0.49386574074074074 0.25305555555555553 0.12694444444444442 0.11088888888888884