0 0.5840648148148148 0.26274691358024693 0.10780555555555565 0.148395061728395
0 0.436412037037037 0.2319506172839506 0.10909259259259257 0.1518271604938272
0 0.21231944444444445 0.28046296296296297 0.11278703703703705 0.14712345679012345
0 0.30425 0.6054074074074074 0.10901851851851851 0.14516049382716043
0 0.24903240740740742 0.7979382716049382 0.11286111111111112 0.1537901234567901
2 0.548962962962963 0.7242839506172839 0.11284259259259258 0.15212345679012343
2 0.4451064814814815 0.7982654320987654 0.11159259259259258 0.1520246913580248
2 0.6763796296296296 0.6093086419753087 0.11159259259259273 0.1520246913580248
2 0.7841018518518519 0.24361111111111114 0.11659259259259272 0.15241975308641978
2 0.45841203703703703 0.38757407407407407 0.11534259259259258 0.15232098765432103
3 0.6497407407407408 0.42158024691358026 0.11286111111111097 0.1537901234567901
3 0.5022083333333334 0.4923518518518518 0.10782407407407404 0.15006172839506177
3 0.29621759259259256 0.48531481481481475 0.11409259259259258 0.1522222222222223
3 0.15811111111111112 0.3821604938271605 0.10530555555555556 0.14819753086419743
3 0.3582592592592593 0.12822222222222224 0.11284259259259258 0.15212345679012343