2 0.5241574074074075 0.3086728395061728 0.09921296296296304 0.13523456790123456
2 0.7184351851851852 0.4497716049382716 0.09660185185185184 0.13018518518518515
2 0.508199074074074 0.6613333333333333 0.10038888888888892 0.13192592592592595
2 0.47036574074074067 0.5646234567901235 0.10027777777777772 0.12692592592592594
2 0.4778287037037037 0.45369135802469135 0.09524074074074065 0.12516049382716044
3 0.26664351851851853 0.6236234567901235 0.0991759259259259 0.1335679012345679
3 0.6349675925925926 0.6355061728395062 0.09910185185185184 0.13023456790123455
3 0.7022916666666665 0.5858641975308643 0.09649074074074065 0.12518518518518515
3 0.6949166666666667 0.27114814814814814 0.09649074074074065 0.12518518518518515
3 0.6621435185185186 0.14351851851851852 0.10425000000000012 0.13699999999999998
0 0.4901759259259259 0.15108024691358024 0.10296296296296291 0.1353086419753086
0 0.33420833333333333 0.5631481481481482 0.09906481481481479 0.1285679012345679
0 0.6023101851851852 0.8119074074074075 0.09785185185185184 0.13020987654320984
0 0.6196805555555556 0.48004320987654325 0.10038888888888892 0.13192592592592595
0 0.5482916666666666 0.43147530864197525 0.09281481481481478 0.12844444444444433