0 0.28941666666666666 0.15552469135802469 0.11305555555555558 0.1356172839506173
0 0.7575833333333333 0.3287037037037037 0.11077777777777782 0.14037037037037037
0 0.5833796296296296 0.3853395061728395 0.09812962962962957 0.13580246913580254
0 0.370625 0.5966358024691357 0.09937962962962957 0.1359259259259259
0 0.29848148148148146 0.5554938271604939 0.09445370370370369 0.13709876543209873
3 0.7621574074074075 0.5996296296296296 0.1121759259259258 0.14382716049382718
3 0.515162037037037 0.6565432098765434 0.1032037037037037 0.13796296296296304
3 0.5382870370370371 0.7708333333333334 0.10048148148148144 0.13271604938271594
3 0.2790972222222222 0.7493827160493828 0.10025925925925933 0.12771604938271594
2 0.6514768518518518 0.755462962962963 0.11187962962962957 0.1371604938271605
2 0.6497175925925925 0.5478703703703703 0.10055555555555572 0.1343827160493828
2 0.5010370370370371 0.5207407407407407 0.10570370370370369 0.1382098765432098
2 0.422912037037037 0.8490432098765432 0.09937962962962957 0.1359259259259259
2 0.48940740740740735 0.37108024691358027 0.10437962962962956 0.13641975308641974