0 0.3249583333333333 0.24318518518518517 0.09950000000000003 0.12055555555555562
0 0.4892916666666667 0.33290740740740743 0.09075000000000003 0.12003703703703707
0 0.7774166666666668 0.1653888888888889 0.09350000000000022 0.12518518518518518
0 0.6990833333333333 0.579574074074074 0.08541666666666657 0.11307407407407406
0 0.7715833333333333 0.5502037037037038 0.08650000000000006 0.10981481481481485
3 0.7869583333333332 0.7448703703703704 0.08425000000000012 0.1146666666666666
3 0.5609166666666667 0.612 0.09308333333333337 0.1168518518518518
3 0.5400416666666666 0.7210555555555556 0.08550000000000012 0.11474074074074073
3 0.8034166666666667 0.397037037037037 0.09066666666666663 0.1183703703703704
3 0.3213333333333333 0.5091851851851851 0.09591666666666669 0.12366666666666674
2 0.426875 0.47618518518518516 0.08950000000000002 0.11996296296296294
2 0.4252083333333333 0.6810555555555555 0.09199999999999989 0.12011111111111102
2 0.5846666666666667 0.3347777777777778 0.08933333333333338 0.1166296296296296
2 0.5722916666666666 0.4759259259259259 0.08700000000000002 0.11981481481481486
2 0.6495833333333334 0.8182037037037037 0.09199999999999989 0.12011111111111102