0 0.636425925925926 0.6991666666666667 0.1283611111111111 0.16
0 0.4309074074074074 0.48583333333333334 0.12416666666666672 0.15
0 0.47175462962962966 0.25583333333333336 0.12461111111111109 0.16
0 0.20479166666666665 0.525 0.1292407407407407 0.15166666666666667
0 0.10775925925925928 0.8941666666666667 0.13078703703703706 0.15833333333333333
3 0.30220833333333336 0.78 0.1268888888888889 0.155
3 0.5021527777777778 0.6125 0.12409259259259259 0.14833333333333334
3 0.3505879629629629 0.5633333333333334 0.12431481481481484 0.15333333333333332
3 0.6921388888888889 0.205 0.12306481481481484 0.15333333333333332
3 0.5887824074074074 0.23833333333333334 0.1204907407407407 0.15166666666666667
2 0.7891666666666667 0.4125 0.1309351851851852 0.16166666666666665
2 0.6350231481481482 0.37916666666666665 0.12174074074074084 0.15166666666666667
2 0.5701666666666667 0.5025 0.12291666666666658 0.15
2 0.3511944444444444 0.2825 0.12453703703703695 0.15833333333333333
2 0.17831481481481481 0.6566666666666666 0.1253425925925926 0.14833333333333334