0 0.30875 0.7341666666666666 0.0925 0.11333333333333333
0 0.469375 0.6383333333333333 0.083125 0.11333333333333333
0 0.763125 0.795 0.08625 0.1175
0 0.669375 0.385 0.078125 0.10583333333333333
0 0.743125 0.4116666666666667 0.079375 0.1025
3 0.75125 0.21666666666666667 0.0775 0.10833333333333334
3 0.530625 0.3575 0.085625 0.11
3 0.505625 0.24916666666666668 0.078125 0.10833333333333334
3 0.780625 0.5633333333333334 0.08375 0.11083333333333334
3 0.295625 0.4683333333333333 0.088125 0.11666666666666667
2 0.401875 0.4975 0.081875 0.11333333333333333
2 0.3925 0.29333333333333333 0.084375 0.11333333333333333
2 0.564375 0.6333333333333333 0.081875 0.11
2 0.546875 0.4925 0.08 0.11333333333333333
2 0.61125 0.14833333333333334 0.085 0.1125