0 0.3837777777777778 0.7365925925925926 0.12783333333333333 0.1737037037037036
0 0.197375 0.5263888888888889 0.13411111111111113 0.17555555555555544
0 0.4339027777777778 0.46524074074074073 0.12272222222222212 0.16688888888888886
0 0.5770972222222223 0.34438888888888886 0.12908333333333333 0.1737407407407407
0 0.6116527777777777 0.10764814814814815 0.13525000000000006 0.16892592592592592
2 0.18213888888888888 0.3161111111111111 0.13024999999999998 0.16877777777777775
2 0.29191666666666666 0.4011481481481481 0.1340555555555556 0.17222222222222228
2 0.44852777777777775 0.2624074074074074 0.13152777777777772 0.17048148148148148
2 0.7549305555555555 0.46905555555555556 0.13013888888888886 0.1621111111111111
2 0.8326666666666667 0.7149629629629629 0.12394444444444445 0.16525925925925927
3 0.21683333333333332 0.7831851851851852 0.13919444444444445 0.1807037037037037
3 0.49868055555555557 0.5890925925925925 0.12780555555555564 0.17203703703703696
3 0.6578611111111111 0.6335185185185185 0.12780555555555564 0.17203703703703696
3 0.8344861111111112 0.30594444444444446 0.1213611111111112 0.16018518518518515
3 0.7135833333333333 0.21374074074074073 0.12894444444444444 0.16540740740740745