0 0.557800925925926 0.6631481481481482 0.10550000000000011 0.14512345679012356
0 0.4068055555555556 0.6613580246913581 0.1068240740740741 0.14858024691358027
0 0.19669444444444445 0.5643518518518518 0.11046296296296297 0.14395061728395073
0 0.35484722222222215 0.2681172839506173 0.10667592592592598 0.14191358024691358
0 0.3403842592592592 0.07137345679012345 0.11057407407407396 0.1427469135802469
2 0.6196574074074074 0.20521604938271604 0.10928703703703689 0.1471604938271605
2 0.5336111111111111 0.1101543209876543 0.10928703703703704 0.1471604938271605
2 0.7211157407407407 0.34552469135802466 0.10932407407407424 0.1488271604938272
2 0.7502222222222221 0.7251543209876543 0.11432407407407424 0.149320987654321
2 0.4605138888888889 0.5132407407407408 0.1130740740740741 0.14919753086419746
3 0.655537037037037 0.5232098765432098 0.11057407407407396 0.14895061728395054
3 0.5255 0.42163580246913585 0.10553703703703704 0.14679012345679013
3 0.3217037037037037 0.3833024691358025 0.1105740740740741 0.14895061728395065
3 0.16415740740740742 0.4531481481481482 0.10174999999999997 0.14475308641975307
3 0.3078287037037037 0.745462962962963 0.1093240740740741 0.1488271604938272