2 0.4903333333333333 0.9374351851851852 0.09944444444444443 0.12512962962962965
2 0.38926388888888885 0.8406851851851852 0.10177777777777777 0.13122222222222224
2 0.5194444444444444 0.8203518518518519 0.10563888888888898 0.1346666666666666
2 0.4477361111111111 0.36277777777777775 0.09661111111111112 0.1260740740740741
2 0.5889722222222222 0.42368518518518516 0.09797222222222217 0.1294444444444444
3 0.5523611111111112 0.13314814814814815 0.09677777777777777 0.13107407407407407
3 0.5766111111111111 0.269 0.09672222222222217 0.12940740740740742
3 0.6852222222222223 0.389 0.09911111111111097 0.1261481481481482
3 0.3219444444444444 0.4391296296296296 0.10052777777777777 0.13118518518518518
3 0.22556944444444443 0.7215555555555556 0.09552777777777777 0.1310370370370371
0 0.6799722222222222 0.20866666666666667 0.09183333333333338 0.13259259259259262
0 0.5398888888888889 0.5448518518518519 0.10411111111111111 0.12629629629629638
0 0.6665555555555556 0.5736296296296297 0.10172222222222217 0.1295555555555556
0 0.4477916666666667 0.6989444444444445 0.09922222222222217 0.12948148148148145
0 0.29994444444444446 0.6486851851851851 0.09405555555555552 0.12433333333333337