2 0.45764814814814814 0.9396913580246913 0.10675925925925923 0.1206172839506174
2 0.36383333333333334 0.8370370370370371 0.11037962962962965 0.1435185185185185
2 0.4948148148148148 0.8343209876543211 0.11419444444444452 0.1453703703703703
2 0.4559583333333333 0.368179012345679 0.10387037037037032 0.1365432098765432
2 0.5918564814814815 0.4483641975308642 0.10656481481481478 0.14166666666666666
3 0.5763888888888888 0.1537037037037037 0.10406481481481478 0.1415432098765432
3 0.5910416666666667 0.29219135802469137 0.10524999999999991 0.1399382716049382
3 0.6897685185185185 0.4264814814814815 0.10643518518518533 0.13833333333333334
3 0.3259305555555555 0.4268827160493827 0.10912962962962965 0.14345679012345688
3 0.2096435185185185 0.6958333333333333 0.10281481481481478 0.1414814814814815
0 0.6974259259259259 0.245679012345679 0.10037962962962979 0.14302469135802465
0 0.5341944444444444 0.5624074074074075 0.11143518518518519 0.13858024691358026
0 0.6589212962962964 0.6078086419753087 0.11031481481481478 0.1418518518518518
0 0.43227314814814816 0.7034876543209877 0.10650000000000005 0.14
0 0.28845370370370366 0.6337654320987653 0.1013055555555556 0.1347530864197531