2 0.5075 0.685 0.0825 0.11666666666666667
2 0.720625 0.5883333333333334 0.080625 0.11166666666666666
2 0.545 0.33666666666666667 0.08375 0.11166666666666666
2 0.493125 0.42333333333333334 0.084375 0.1075
2 0.48375 0.5333333333333333 0.079375 0.10583333333333333
3 0.300625 0.32166666666666666 0.083125 0.11416666666666667
3 0.66625 0.3883333333333333 0.0825 0.11083333333333334
3 0.725625 0.45166666666666666 0.080625 0.10666666666666667
3 0.67 0.7583333333333333 0.080625 0.10583333333333333
3 0.618125 0.8766666666666667 0.086875 0.11666666666666667
0 0.449375 0.8325 0.086875 0.115
0 0.358125 0.3958333333333333 0.083125 0.10833333333333334
0 0.66125 0.20833333333333334 0.081875 0.11166666666666666
0 0.6275 0.5375 0.08375 0.1125
0 0.55 0.57 0.076875 0.11