2 0.7876527777777779 0.1568641975308642 0.12277777777777771 0.16645679012345677
2 0.6156388888888888 0.0894074074074074 0.12277777777777786 0.1664567901234568
2 0.8087777777777778 0.47112962962962956 0.1224444444444444 0.1564567901234568
2 0.5869305555555556 0.6000617283950618 0.1161388888888888 0.1543580246913579
2 0.6072638888888889 0.8341975308641975 0.1211944444444444 0.15637037037037052
3 0.40245833333333336 0.17764814814814814 0.1291944444444445 0.17188888888888892
3 0.69 0.21540123456790122 0.13788888888888892 0.17082716049382715
3 0.41329166666666667 0.4274753086419753 0.12669444444444453 0.1717160493827161
3 0.6224444444444444 0.48150617283950625 0.12125 0.15803703703703717
3 0.48962500000000003 0.5374629629629629 0.1225555555555556 0.15979012345679014
0 0.31113888888888885 0.3510123456790124 0.12891666666666665 0.16355555555555554
0 0.1859583333333333 0.560962962962963 0.12397222222222226 0.16487654320987644
0 0.32072222222222224 0.6760987654320987 0.12783333333333333 0.16846913580246906
0 0.48726388888888894 0.7297345679012346 0.12272222222222212 0.16479012345679014
0 0.6276666666666667 0.7133456790123457 0.11597222222222228 0.1493580246913581