2 0.4846666666666667 0.7250987654320987 0.08638888888888886 0.12318518518518526
2 0.7010138888888889 0.6452716049382716 0.08372222222222206 0.11798765432098776
2 0.5337777777777778 0.37972839506172834 0.0874722222222222 0.11828395061728392
2 0.4790138888888889 0.4622962962962962 0.08855555555555554 0.11338271604938276
2 0.46597222222222223 0.5715555555555555 0.08355555555555555 0.11298765432098776
3 0.2899027777777778 0.34541975308641976 0.0862777777777778 0.11985185185185183
3 0.6533055555555555 0.4409753086419753 0.08616666666666674 0.1165185185185184
3 0.7105694444444444 0.509 0.08355555555555555 0.11298765432098776
3 0.6447222222222223 0.8112716049382716 0.08355555555555555 0.11298765432098756
3 0.5889027777777778 0.925506172839506 0.09138888888888885 0.12358024691358044
0 0.4216249999999999 0.8680061728395062 0.09133333333333325 0.1219135802469134
0 0.3449305555555556 0.4241296296296296 0.08611111111111114 0.11485185185185193
0 0.6543055555555556 0.2605802469135802 0.08622222222222206 0.11818518518518525
0 0.6095833333333334 0.5870802469135803 0.0875277777777778 0.11995061728395058
0 0.5309999999999999 0.6134567901234568 0.08116666666666675 0.1161234567901234