2 0.351875 0.8241666666666667 0.144375 0.09583333333333334
2 0.4475 0.705 0.12875 0.095
2 0.361875 0.54 0.116875 0.09583333333333334
2 0.67 0.5733333333333334 0.1225 0.09166666666666666
2 0.38125 0.3541666666666667 0.13625 0.10083333333333333
3 0.301875 0.23 0.136875 0.0975
3 0.593125 0.2941666666666667 0.12625 0.0875
3 0.4475 0.6125 0.11375 0.08583333333333333
3 0.630625 0.6666666666666666 0.11375 0.09
3 0.69375 0.715 0.1125 0.09583333333333334
0 0.689375 0.45666666666666667 0.12625 0.09166666666666666
0 0.40375 0.4508333333333333 0.118125 0.08583333333333333
0 0.5775 0.3925 0.11375 0.0875
0 0.813125 0.3375 0.116875 0.09333333333333334
0 0.493125 0.20833333333333334 0.121875 0.09666666666666666