0 0.28206018518518516 0.21875925925925926 0.11949074074074076 0.14943209876543212
0 0.2523842592592592 0.5505370370370369 0.11930555555555557 0.14609876543209868
0 0.5985648148148148 0.35722222222222216 0.10875 0.13600000000000004
0 0.6277777777777778 0.5285061728395061 0.11259259259259266 0.13770370370370377
0 0.8229861111111112 0.35417283950617284 0.10490740740740762 0.1342962962962963
2 0.49280092592592595 0.7655432098765432 0.11546296296296304 0.14439506172839514
2 0.3643518518518518 0.8176172839506173 0.11662037037037037 0.14274074074074064
2 0.3335648148148148 0.6971543209876543 0.11537037037037039 0.1427283950617285
2 0.3615277777777778 0.3737222222222222 0.11287037037037038 0.14270370370370367
2 0.7439351851851851 0.3940987654320987 0.10731481481481467 0.13265432098765434
3 0.465625 0.13032716049382717 0.11125 0.1360246913580247
3 0.4935648148148148 0.4032345679012346 0.10990740740740733 0.13434567901234573
3 0.4699305555555556 0.5250679012345678 0.11134259259259266 0.13769135802469123
3 0.6796064814814815 0.7087283950617284 0.11027777777777771 0.14101234567901239
3 0.24564814814814814 0.6830308641975309 0.11402777777777778 0.14104938271604928