2 0.441875 0.33416666666666667 0.11875 0.17083333333333334
2 0.3025 0.6516666666666666 0.1075 0.15416666666666667
2 0.3975 0.7208333333333333 0.11375 0.12833333333333333
2 0.693125 0.565 0.110625 0.1425
2 0.45625 0.8983333333333333 0.12125 0.1575
3 0.30125 0.275 0.14 0.15083333333333335
3 0.373125 0.52 0.110625 0.1625
3 0.54375 0.725 0.109375 0.145
3 0.644375 0.7183333333333334 0.113125 0.15583333333333332
3 0.8675 0.66 0.09875 0.15833333333333333
0 0.555625 0.17666666666666667 0.1125 0.1725
0 0.64375 0.36916666666666664 0.10625 0.16583333333333333
0 0.52 0.5691666666666667 0.0975 0.13333333333333333
0 0.759375 0.3383333333333333 0.10375 0.14416666666666667
0 0.78125 0.6433333333333333 0.0875 0.1625