3 0.8350092592592593 0.7112716049382716 0.12407407407407418 0.09285185185185185
3 0.7546944444444443 0.4222716049382716 0.12664814814814804 0.09454320987654323
3 0.5627731481481482 0.728574074074074 0.1280462962962963 0.09788888888888891
3 0.2891712962962963 0.616753086419753 0.1280462962962963 0.09788888888888891
3 0.4592175925925926 0.5351358024691358 0.12650000000000006 0.09120987654320989
2 0.214125 0.6993086419753086 0.13569444444444442 0.10129629629629638
2 0.18181944444444442 0.5065740740740741 0.13687037037037036 0.09964197530864188
2 0.1391111111111111 0.3187345679012346 0.12812037037037036 0.09955555555555558
2 0.5062175925925926 0.4681296296296297 0.12142592592592592 0.0894938271604938
2 0.5105787037037036 0.20079012345679015 0.12187037037037043 0.0994938271604938
0 0.4292916666666667 0.7614074074074074 0.11789814814814818 0.09445679012345674
0 0.6234027777777778 0.6308827160493827 0.11650000000000006 0.09111111111111124
0 0.639625 0.5460802469135803 0.1137777777777778 0.08608641975308652
0 0.5901944444444445 0.26321604938271603 0.11400000000000006 0.09108641975308643
0 0.25202314814814814 0.34317283950617283 0.1330462962962963 0.09793827160493834