2 0.7308055555555555 0.33071604938271604 0.10858333333333349 0.14839506172839512
2 0.4644305555555555 0.3396296296296296 0.10730555555555554 0.1466296296296296
2 0.24990277777777778 0.3509753086419753 0.1149444444444444 0.15555555555555553
2 0.47030555555555553 0.8793827160493828 0.1111388888888888 0.15192592592592594
2 0.5954999999999999 0.7511234567901234 0.10858333333333349 0.14839506172839492
0 0.6660833333333334 0.6418518518518518 0.10855555555555554 0.14672839506172825
0 0.6316666666666667 0.4493827160493827 0.10736111111111114 0.14996296296296294
0 0.5736388888888889 0.26337037037037037 0.10991666666666675 0.15349382716049387
0 0.5310555555555555 0.5546172839506173 0.10730555555555554 0.1466296296296296
0 0.4333472222222223 0.7591172839506173 0.1085833333333332 0.14839506172839492
3 0.8610555555555556 0.7304938271604938 0.10855555555555554 0.14672839506172825
3 0.8152777777777778 0.5304691358024691 0.11108333333333348 0.1485925925925926
3 0.7648055555555555 0.123679012345679 0.11211111111111109 0.13535802469135802
3 0.40608333333333335 0.47150617283950624 0.1161944444444444 0.15565432098765428
3 0.22416666666666665 0.6044382716049383 0.11738888888888895 0.15241975308641978