2 0.747 0.39779629629629626 0.10847222222222229 0.21455555555555558
3 0.6649583333333333 0.3377222222222222 0.10458333333333314 0.20600000000000004
0 0.6294722222222222 0.44388888888888883 0.09266666666666651 0.16533333333333342
0 0.5761527777777777 0.2713888888888889 0.10569444444444442 0.19774074074074074
2 0.5830833333333334 0.5298888888888889 0.09327777777777783 0.20200000000000007
2 0.5878333333333333 0.8442962962962963 0.10980555555555555 0.2196296296296297
0 0.4804583333333333 0.9180925925925927 0.09424999999999997 0.11048148148148129
3 0.4927222222222223 0.5943518518518518 0.10197222222222223 0.1991851851851853
0 0.4495277777777778 0.3388333333333334 0.10311111111111103 0.19259259259259257
3 0.30106944444444445 0.5174629629629629 0.10052777777777777 0.1874444444444445
2 0.4776944444444445 0.18481481481481482 0.10966666666666669 0.2112962962962963
2 0.37209722222222225 0.04300925925925926 0.07897222222222211 0.08601851851851852
0 0.43037499999999995 0.07826851851851852 0.10297222222222217 0.15653703703703703
3 0.2697361111111111 0.07475925925925926 0.09019444444444445 0.09192592592592594
3 0.2833888888888889 0.3045555555555556 0.10711111111111109 0.20781481481481479