0 0.6928842592592592 0.8784876543209876 0.13813888888888898 0.1834567901234569
0 0.5099259259259259 0.5075308641975309 0.09280555555555552 0.1490123456790123
0 0.408662037037037 0.7803395061728395 0.12280555555555552 0.15197530864197537
0 0.3420231481481481 0.4709259259259259 0.12166666666666671 0.1618518518518518
0 0.20763425925925927 0.28996913580246914 0.10911111111111112 0.15561728395061722
2 0.7308842592592592 0.7245679012345679 0.11670370370370392 0.16469135802469131
2 0.7552453703703703 0.44666666666666666 0.11063888888888897 0.18074074074074076
2 0.5364305555555555 0.3182716049382716 0.13185185185185191 0.17950617283950615
2 0.28633333333333333 0.24601851851851853 0.11168518518518525 0.16253086419753088
2 0.22132407407407406 0.465679012345679 0.11299074074074071 0.16765432098765434
4 0.7047129629629629 0.5459567901234568 0.12786111111111098 0.1574691358024692