0 0.3169027777777778 0.7546728395061728 0.08694444444444444 0.11750617283950608
0 0.5378472222222223 0.8135123456790124 0.08950000000000002 0.12086419753086412
0 0.6538194444444444 0.535537037037037 0.08566666666666663 0.11582716049382726
0 0.5071944444444445 0.36161728395061726 0.09083333333333343 0.12587654320987648
0 0.7296805555555556 0.4004753086419753 0.08822222222222223 0.1191851851851851
2 0.7695277777777778 0.20423456790123456 0.08941666666666663 0.11586419753086422
2 0.5774166666666667 0.45062962962962966 0.08822222222222223 0.1191851851851851
2 0.5960416666666667 0.6682777777777779 0.08952777777777769 0.1225308641975308
2 0.6559999999999999 0.8163456790123457 0.08949999999999989 0.12086419753086432
2 0.2160277777777778 0.5887037037037037 0.09322222222222223 0.11923456790123453
3 0.4259722222222222 0.6999259259259258 0.08702777777777783 0.12250617283950609
3 0.3705833333333334 0.4135925925925926 0.08680555555555543 0.10917283950617275
3 0.46359722222222216 0.5578209876543211 0.08811111111111103 0.11251851851851863
3 0.5419305555555556 0.1961543209876543 0.08816666666666663 0.11585185185185182