3 0.4520046296296296 0.6322777777777778 0.12465740740740727 0.16291358024691363
3 0.6521666666666667 0.7495617283950616 0.15099074074074081 0.224888888888889
3 0.7387592592592592 0.44657407407407407 0.14730555555555555 0.17135802469135797
3 0.5814490740740741 0.10098148148148148 0.16863888888888895 0.20196296296296296
3 0.364587962962963 0.13008024691358025 0.1579351851851851 0.20048148148148148
2 0.23191203703703703 0.6538271604938272 0.1392962962962963 0.20399999999999996
2 0.3008796296296296 0.442074074074074 0.16852777777777775 0.22793827160493835
2 0.2784814814814815 0.2708148148148148 0.12786111111111112 0.1947777777777778
2 0.5666342592592593 0.4152530864197531 0.1447314814814814 0.16782716049382715
2 0.813462962962963 0.6785864197530864 0.17074074074074075 0.2713703703703703
0 0.3285 0.7152407407407407 0.1481203703703703 0.20802469135802462
0 0.54475 0.8104567901234567 0.1476111111111112 0.24125925925925912
0 0.7803935185185185 0.22949382716049385 0.17643518518518533 0.24686419753086425
0 0.6155046296296297 0.2375308641975309 0.12594444444444433 0.16467901234567894
0 0.3887361111111111 0.27874074074074073 0.13771296296296298 0.1889012345679012