2 0.6199027777777778 0.5861543209876544 0.13089814814814815 0.1629506172839505
2 0.37889814814814815 0.7646172839506172 0.1170648148148149 0.1478148148148148
2 0.3289861111111111 0.6357839506172839 0.09960185185185196 0.15430864197530847
2 0.4530324074074074 0.2461543209876543 0.11082407407407402 0.14941975308641978
2 0.19756018518518517 0.5536481481481481 0.12091666666666669 0.16618518518518519
3 0.6607268518518518 0.7757345679012346 0.11605555555555554 0.19113580246913575
3 0.47878240740740735 0.6739320987654321 0.12583333333333344 0.1512345679012346
3 0.32944444444444443 0.4407777777777778 0.11208333333333342 0.1510987654320987
3 0.3370648148148148 0.306679012345679 0.12085185185185182 0.15451851851851853
3 0.3847962962962963 0.040469135802469136 0.12040740740740745 0.07451851851851853
0 0.7407268518518518 0.4390061728395062 0.13335185185185197 0.15464197530864188
0 0.5988981481481481 0.3167654320987654 0.12705555555555548 0.14624691358024697
0 0.446125 0.47693209876543213 0.10198148148148135 0.1326666666666667
0 0.6247546296296297 0.16284567901234567 0.10952777777777783 0.14107407407407407
0 0.3968194444444444 0.1264259259259259 0.12441666666666663 0.12122222222222225