2 0.21789814814814815 0.7424444444444445 0.13725 0.18269135802469122
2 0.4471805555555555 0.38370987654320987 0.12716666666666668 0.16749382716049374
2 0.35930092592592594 0.2045925925925926 0.11962037037037035 0.15901234567901232
2 0.21315277777777777 0.33832716049382716 0.11956481481481482 0.1490123456790123
3 0.7473240740740741 0.8536666666666668 0.10963888888888902 0.16214814814814796
3 0.7180046296296296 0.5267098765432098 0.12466666666666669 0.1674444444444445
3 0.7223194444444445 0.1782530864197531 0.11205555555555577 0.14719753086419754
3 0.3947222222222222 0.729783950617284 0.12216666666666669 0.16739506172839508
3 0.3184722222222222 0.5062654320987654 0.12336111111111109 0.15741975308641978
2 0.6404814814814815 0.07844444444444446 0.12215740740740727 0.1568888888888889
0 0.5192129629629629 0.8606728395061729 0.12349074074074082 0.18075308641975313
0 0.6555833333333334 0.6546234567901235 0.12965740740740728 0.1658765432098765
0 0.5385324074074075 0.5127530864197531 0.11724999999999994 0.18229629629629623
0 0.5622777777777778 0.2864259259259259 0.11474074074074082 0.18058024691358024
0 0.38784259259259257 0.05840740740740741 0.11568518518518517 0.11681481481481482