0 0.6170555555555556 0.4196049382716049 0.07386111111111106 0.1580864197530864
0 0.5222222222222223 0.9075493827160495 0.06611111111111115 0.11265432098765435
0 0.46730555555555553 0.8340246913580247 0.06875 0.15440740740740733
0 0.2816388888888889 0.7545740740740741 0.07141666666666666 0.1595802469135803
0 0.33579166666666665 0.6826543209876543 0.0688055555555556 0.15607407407407398
2 0.4755972222222222 0.4917407407407407 0.07147222222222212 0.16124691358024695
2 0.4372638888888889 0.6689876543209876 0.07408333333333332 0.16475308641975328
2 0.4109861111111111 0.40974074074074074 0.07397222222222226 0.16141975308641976
2 0.365375 0.3189444444444445 0.07147222222222226 0.16124691358024695
3 0.5360555555555555 0.7544444444444444 0.07141666666666666 0.1595802469135803
3 0.5077777777777778 0.3681296296296296 0.07158333333333332 0.1645802469135802
3 0.46327777777777784 0.07219753086419753 0.07691666666666663 0.14439506172839506
3 0.3917361111111111 0.20155555555555557 0.07425000000000011 0.1697530864197531
3 0.4494305555555556 0.2291604938271605 0.07147222222222212 0.16124691358024695