0 0.3756898148148149 0.8999506172839505 0.10578703703703696 0.16613580246913595
0 0.48375 0.8229567901234568 0.11813888888888883 0.1637901234567903
0 0.6566064814814816 0.690462962962963 0.12424074074074071 0.1609506172839506
0 0.3752314814814815 0.2870740740740741 0.11614814814814821 0.14702469135802468
0 0.6999675925925924 0.40490740740740744 0.11997222222222206 0.1489876543209876
3 0.7013657407407408 0.29623456790123454 0.11622222222222206 0.14869135802469136
3 0.6319351851851852 0.5697654320987654 0.10849999999999994 0.14309876543209876
3 0.45395833333333335 0.6711296296296296 0.09534259259259258 0.15534567901234558
3 0.3107731481481481 0.4762962962962963 0.12269444444444445 0.1541851851851851
3 0.26296759259259256 0.5497469135802469 0.11416666666666664 0.15849382716049376
2 0.3442175925925926 0.6682716049382715 0.1077685185185186 0.1546666666666666
2 0.4163287037037037 0.49709259259259253 0.1154907407407407 0.16025925925925927
2 0.5443472222222222 0.5188333333333333 0.12012037037037032 0.15232098765432095
2 0.5237222222222222 0.2929938271604938 0.10806481481481484 0.16133333333333325
2 0.4910231481481482 0.13180246913580249 0.11843518518518521 0.17045679012345677