2 0.6965879629629629 0.9015 0.09823148148148164 0.14033333333333342
2 0.45607870370370374 0.40905555555555556 0.09949074074074077 0.14211111111111108
2 0.6572731481481482 0.21183333333333335 0.10324999999999988 0.1441111111111111
2 0.40318981481481486 0.24927777777777776 0.11202777777777782 0.1498888888888889
2 0.2931342592592593 0.24949999999999997 0.10705555555555549 0.15444444444444438
0 0.12872222222222224 0.3541111111111111 0.10705555555555556 0.15444444444444447
0 0.4069259259259259 0.7023333333333333 0.09828703703703695 0.1503333333333334
0 0.5550138888888889 0.7221666666666666 0.10326851851851857 0.1474444444444445
0 0.5952083333333333 0.46561111111111114 0.09946296296296296 0.13711111111111107
0 0.803287037037037 0.26733333333333337 0.10699999999999989 0.1444444444444445
3 0.6396481481481482 0.5704444444444444 0.09949999999999988 0.14377777777777775
3 0.5999537037037037 0.8495555555555556 0.09700000000000003 0.14355555555555535
3 0.28061574074074075 0.7019444444444444 0.10701851851851857 0.1477777777777779
3 0.39528240740740744 0.5470555555555556 0.10950000000000003 0.14466666666666658
3 0.2500509259259259 0.46327777777777784 0.10704629629629629 0.1527777777777779