0 0.2525648148148148 0.44934567901234573 0.11891666666666666 0.16611111111111124
0 0.46840740740740744 0.8065185185185185 0.12404629629629625 0.1694938271604938
0 0.5952777777777778 0.3067407407407407 0.11932407407407411 0.14445679012345675
0 0.5242731481481482 0.16905555555555557 0.1269537037037037 0.14786419753086422
0 0.7616805555555556 0.6627345679012345 0.11313888888888897 0.14606172839506182
2 0.31843055555555555 0.5995864197530864 0.11451851851851849 0.14940740740740732
2 0.49665740740740744 0.42359259259259263 0.11977777777777789 0.1561234567901234
2 0.4936157407407407 0.6186975308641975 0.10031481481481479 0.13760493827160492
2 0.6663611111111111 0.8162345679012346 0.11089814814814815 0.15270370370370376
2 0.7309953703703704 0.2595493827160494 0.12003703703703707 0.16279012345679006
3 0.37277314814814816 0.26058641975308644 0.1269537037037037 0.14786419753086422
3 0.4020370370370371 0.11274074074074074 0.11012037037037033 0.13270370370370368
3 0.6285231481481481 0.663216049382716 0.11175925925925924 0.14271604938271612
3 0.6211157407407407 0.504895061728395 0.11025000000000006 0.1360370370370371
3 0.7615740740740742 0.4509876543209877 0.1170185185185187 0.14943209876543204