3 0.509375 0.12333333333333334 0.105625 0.13083333333333333
3 0.643125 0.6858333333333333 0.096875 0.1025
3 0.5125 0.61 0.09125 0.11666666666666667
3 0.485625 0.8625 0.08 0.10916666666666666
3 0.315 0.85 0.10625 0.10666666666666667
0 0.310625 0.3416666666666667 0.084375 0.1
0 0.36 0.4033333333333333 0.088125 0.08333333333333333
0 0.521875 0.5016666666666667 0.08375 0.1025
0 0.44375 0.6466666666666666 0.08375 0.11666666666666667
0 0.40125 0.7816666666666666 0.096875 0.10916666666666666
2 0.3275 0.5675 0.084375 0.10083333333333333
2 0.280625 0.7566666666666667 0.085 0.09916666666666667
2 0.61 0.49916666666666665 0.069375 0.10333333333333333
2 0.76375 0.4841666666666667 0.07375 0.09666666666666666
2 0.843125 0.4866666666666667 0.095625 0.11166666666666666