3 0.4982083333333333 0.1034074074074074 0.11408333333333331 0.13591358024691358
3 0.6114999999999999 0.6569938271604938 0.10399999999999991 0.10890123456790131
3 0.48325 0.5897037037037036 0.09841666666666668 0.12198765432098753
3 0.4475 0.8431172839506172 0.08683333333333337 0.11487654320987663
3 0.2766666666666666 0.8415493827160494 0.11291666666666672 0.11258024691358022
0 0.2914583333333333 0.3336358024691358 0.09133333333333332 0.10507407407407404
0 0.3384166666666667 0.3924938271604938 0.09299999999999997 0.08850617283950613
0 0.49683333333333335 0.48021604938271606 0.09025000000000005 0.10835802469135804
0 0.41320833333333334 0.6307283950617284 0.09091666666666669 0.12169135802469137
0 0.3657916666666667 0.7681666666666667 0.10433333333333338 0.11556790123456798
2 0.29954166666666665 0.5587037037037037 0.0913333333333334 0.10507407407407414
2 0.24566666666666667 0.7504567901234568 0.09133333333333332 0.10507407407407414
2 0.5851666666666666 0.47256790123456793 0.07650000000000005 0.10781481481481478
2 0.7398333333333333 0.44816049382716056 0.07991666666666675 0.10129629629629638
2 0.8192083333333333 0.4450246913580247 0.10191666666666663 0.1171358024691358