0 0.24750925925925926 0.7702777777777777 0.11379629629629634 0.14591358024691356
0 0.4935648148148148 0.8125555555555556 0.11137037037037033 0.14748148148148157
0 0.38886111111111105 0.3509506172839506 0.10327777777777783 0.1338518518518519
0 0.521375 0.3136111111111111 0.10349999999999994 0.1388518518518519
0 0.4133657407407408 0.06725308641975308 0.09797222222222217 0.09870370370370371
2 0.6842222222222222 0.4953518518518518 0.10857407407407407 0.14071604938271606
2 0.7079537037037036 0.6657530864197532 0.10864814814814792 0.1423827160493827
2 0.6135277777777778 0.7054320987654321 0.10732407407407407 0.14066666666666683
2 0.37298611111111113 0.6658765432098764 0.10717592592592581 0.13733333333333347
2 0.43374074074074076 0.15821604938271605 0.1007037037037037 0.13208641975308638
3 0.20266203703703703 0.5255802469135802 0.10217592592592595 0.1371358024691358
3 0.410837962962963 0.4903950617283951 0.10210185185185196 0.13546913580246914
3 0.5001666666666666 0.5231419753086419 0.10342592592592595 0.13718518518518522
3 0.6633842592592591 0.2457592592592593 0.10702777777777783 0.13399999999999995
3 0.5920185185185186 0.8231234567901234 0.10607407407407407 0.1406172839506174