0 0.5858009259259259 0.1542037037037037 0.1350555555555556 0.1737777777777778
0 0.34712499999999996 0.5960555555555556 0.13998148148148146 0.17225925925925936
0 0.6119953703703704 0.4378518518518518 0.1320370370370371 0.16203703703703695
0 0.6662407407407407 0.27340740740740743 0.13483333333333347 0.16877777777777775
0 0.4756759259259259 0.8718888888888888 0.1373333333333332 0.1688518518518519
2 0.18951851851851853 0.5797037037037036 0.13468518518518516 0.16544444444444442
2 0.3158888888888889 0.43992592592592594 0.13321296296296295 0.16040740740740736
2 0.46525 0.4869074074074074 0.12946296296296297 0.16029629629629635
2 0.754212962962963 0.4061851851851852 0.13865740740740762 0.17055555555555563
2 0.29005555555555557 0.8522037037037037 0.13350925925925927 0.1670740740740742
3 0.3294259259259259 0.19166666666666668 0.13365740740740734 0.17040740740740745
3 0.49240277777777774 0.31248148148148147 0.1350555555555556 0.17377777777777775
3 0.7909259259259259 0.5658148148148149 0.13998148148148146 0.17225925925925936
3 0.5711759259259259 0.6944814814814815 0.1334351851851852 0.16540740740740753
3 0.7114907407407407 0.7478703703703704 0.13608333333333347 0.1688148148148148