3 0.21733333333333335 0.7258333333333333 0.11333333333333329 0.1708148148148149
3 0.19633333333333333 0.5571728395061729 0.14433333333333337 0.1670493827160495
3 0.46458333333333335 0.57779012345679 0.08716666666666668 0.12154320987654312
3 0.5459999999999999 0.64029012345679 0.10150000000000006 0.13375308641975303
3 0.5818333333333334 0.28683950617283954 0.1010833333333332 0.1254197530864197
0 0.43604166666666666 0.28441975308641976 0.12716666666666668 0.14807407407407405
0 0.21491666666666667 0.8743641975308641 0.09891666666666665 0.13198765432098752
0 0.33941666666666664 0.826679012345679 0.08841666666666669 0.12159259259259253
0 0.5763333333333334 0.43441358024691357 0.10633333333333325 0.1306172839506172
0 0.6807916666666667 0.29909876543209873 0.11550000000000012 0.16424691358024687
2 0.3269166666666667 0.6633641975308642 0.10625 0.1539012345679013
2 0.4065416666666667 0.8117962962962963 0.08608333333333335 0.12482716049382703
2 0.48808333333333337 0.8467469135802469 0.10433333333333338 0.14051851851851854
2 0.5254583333333334 0.337216049382716 0.09200000000000003 0.11840740740740746
2 0.6603749999999999 0.544611111111111 0.115 0.1292962962962963