2 0.36875 0.7055555555555556 0.13625 0.12211111111111109
2 0.185 0.6118888888888889 0.1475 0.13144444444444445
2 0.771875 0.45555555555555555 0.13125 0.12166666666666667
2 0.7975 0.3416111111111111 0.13125 0.14666666666666667
3 0.6075 0.6243333333333334 0.15125 0.15344444444444436
2 0.601875 0.2615 0.12875 0.12144444444444445
3 0.57 0.516 0.14375 0.12111111111111124
3 0.415 0.6139444444444444 0.12 0.10399999999999997
3 0.426875 0.46705555555555556 0.14625 0.13133333333333325
3 0.350625 0.3821666666666667 0.14 0.11411111111111116
0 0.22 0.4746111111111111 0.15 0.12833333333333333
0 0.199375 0.35894444444444445 0.145 0.12622222222222224
0 0.539375 0.33372222222222225 0.12875 0.11477777777777778
0 0.609375 0.3825 0.155 0.12377777777777775
0 0.701875 0.3242777777777778 0.13125 0.10833333333333334