0 0.39025 0.23915432098765432 0.11924999999999997 0.16879012345679012
0 0.4894166666666666 0.5021604938271605 0.11216666666666669 0.1516296296296296
0 0.4740833333333333 0.6958827160493828 0.10925000000000011 0.14309876543209876
0 0.6174166666666667 0.5649814814814814 0.11416666666666671 0.1418271604938271
0 0.6469583333333333 0.7145617283950617 0.11208333333333315 0.14996296296296294
2 0.6044166666666666 0.3606543209876543 0.11816666666666663 0.1720246913580247
2 0.3922916666666667 0.9136358024691358 0.10974999999999994 0.15309876543209877
2 0.20725000000000002 0.7994567901234567 0.11049999999999997 0.14319753086419762
2 0.2328333333333333 0.5513271604938271 0.11233333333333334 0.15496296296296294
2 0.28325 0.2834074074074074 0.11458333333333329 0.15016049382716043
3 0.33670833333333333 0.6825185185185184 0.11483333333333334 0.15516049382716043
3 0.21916666666666668 0.937604938271605 0.10258333333333333 0.10937037037037044
3 0.29675 0.9604783950617283 0.09800000000000005 0.0790432098765435
3 0.539 0.9160246913580248 0.11358333333333334 0.15506172839506158
3 0.7334166666666667 0.5540679012345678 0.11458333333333343 0.15016049382716043