3 0.7630787037037037 0.7192160493827161 0.12339814814814815 0.1713456790123458
3 0.49956944444444445 0.7833888888888888 0.12217592592592595 0.17624691358024697
3 0.39749537037037036 0.8681543209876543 0.11967592592592595 0.17604938271604928
3 0.36310648148148145 0.4181728395061728 0.11836111111111108 0.16428395061728396
3 0.44054166666666666 0.28783333333333333 0.11586111111111108 0.16408641975308644
0 0.6939212962962964 0.0885679012345679 0.11710185185185196 0.16251851851851853
0 0.6259305555555555 0.2306666666666667 0.11835185185185196 0.16261728395061728
0 0.3652777777777778 0.13370987654320987 0.11585185185185182 0.16241975308641973
0 0.42604166666666665 0.6041172839506173 0.11965740740740742 0.17271604938271592
0 0.5261064814814814 0.38278395061728393 0.1171203703703705 0.16585185185185186
2 0.4778101851851852 0.1306543209876543 0.11587962962962962 0.1674197530864198
2 0.6590324074074074 0.44898148148148154 0.11712962962962963 0.16751851851851862
2 0.6711111111111111 0.5972592592592593 0.12089814814814816 0.1711481481481481
2 0.27036574074074077 0.3821481481481481 0.11461111111111108 0.1639876543209876
2 0.34517592592592594 0.6797037037037037 0.12341666666666669 0.17467901234567915