3 0.32545833333333335 0.3966111111111111 0.11326851851851856 0.14833333333333334
3 0.48037499999999994 0.42538888888888887 0.11203703703703695 0.15155555555555555
3 0.5505046296296296 0.2957222222222222 0.10453703703703696 0.15088888888888885
3 0.5182129629629629 0.593 0.11954629629629636 0.15388888888888877
3 0.24688425925925928 0.6956111111111111 0.10456481481481482 0.15588888888888883
0 0.1931111111111111 0.5824444444444445 0.10213888888888889 0.16900000000000015
0 0.41243981481481484 0.835388888888889 0.12328703703703696 0.1525555555555555
0 0.7011018518518519 0.7643333333333334 0.10953703703703695 0.15133333333333326
0 0.7936157407407407 0.9630833333333334 0.10946296296296282 0.07383333333333325
0 0.6282314814814814 0.37433333333333335 0.11207407407407402 0.15822222222222224
2 0.7866851851851852 0.5543333333333333 0.08710185185185196 0.16099999999999984
2 0.6851898148148149 0.5895 0.10198148148148163 0.14066666666666663
2 0.5884861111111112 0.7751666666666667 0.09823148148148149 0.14033333333333342
2 0.7097083333333333 0.45327777777777783 0.11319444444444457 0.135
2 0.2875185185185185 0.8101111111111111 0.09711111111111109 0.16355555555555554