3 0.30104166666666665 0.16905555555555557 0.1094166666666667 0.1474444444444444
3 0.40670833333333334 0.2655 0.10558333333333338 0.14544444444444443
3 0.48112499999999997 0.6856111111111112 0.10808333333333336 0.14566666666666664
3 0.7336250000000001 0.6955 0.11199999999999989 0.14933333333333337
3 0.5770833333333333 0.8506666666666667 0.10958333333333342 0.15077777777777782
2 0.18575 0.3906666666666666 0.11716666666666668 0.15311111111111111
2 0.36666666666666664 0.37577777777777777 0.10933333333333337 0.14577777777777773
2 0.40083333333333326 0.5462222222222223 0.10941666666666663 0.1474444444444445
2 0.5910833333333333 0.21911111111111112 0.10941666666666663 0.1474444444444444
2 0.654 0.5051111111111111 0.11066666666666664 0.1475555555555555
0 0.49712500000000004 0.41583333333333333 0.11208333333333342 0.15100000000000005
0 0.5411666666666667 0.6022222222222223 0.10950000000000003 0.14911111111111117
0 0.24987499999999996 0.5143888888888889 0.11058333333333337 0.14588888888888885
0 0.27441666666666664 0.6764444444444444 0.11350000000000002 0.15444444444444438
0 0.39683333333333337 0.7517777777777778 0.11083333333333342 0.15088888888888885