2 0.3219675925925926 0.32403086419753085 0.08099999999999995 0.18079012345679019
2 0.40887500000000004 0.0940432098765432 0.08594444444444434 0.17083950617283952
2 0.4727083333333333 0.867216049382716 0.08222222222222228 0.17580246913580255
2 0.5556388888888888 0.903037037037037 0.09846296296296288 0.1742962962962963
3 0.3608148148148148 0.6444320987654322 0.10361111111111114 0.20101234567901238
2 0.633324074074074 0.6454567901234568 0.08095370370370375 0.17245679012345685
3 0.44545833333333335 0.5969320987654321 0.07980555555555555 0.19077777777777782
3 0.38599074074074075 0.388 0.06963888888888889 0.160679012345679
3 0.4952638888888889 0.4074135802469136 0.08732407407407408 0.1941851851851851
3 0.5658194444444444 0.30810493827160496 0.07477777777777775 0.18572839506172842
0 0.5086712962962963 0.13169753086419753 0.08360185185185187 0.19914814814814819
0 0.5969351851851852 0.10756790123456791 0.08356481481481481 0.19248148148148148
0 0.5850416666666667 0.5608086419753087 0.07594444444444434 0.17074074074074075
0 0.5420324074074074 0.6520555555555556 0.0811388888888888 0.20579012345679
0 0.5775925925925925 0.7765802469135802 0.07222222222222228 0.1757037037037037