2 0.32875 0.45 0.125 0.09
2 0.45375 0.4525 0.12125 0.09083333333333334
2 0.42125 0.1925 0.114375 0.0825
2 0.638125 0.1875 0.110625 0.07333333333333333
2 0.610625 0.4841666666666667 0.12 0.09
3 0.233125 0.205 0.1225 0.08333333333333333
3 0.25875 0.3 0.1275 0.0825
3 0.469375 0.34 0.12625 0.08083333333333333
3 0.46625 0.6266666666666667 0.131875 0.0975
3 0.674375 0.6225 0.125 0.08833333333333333
0 0.67375 0.36833333333333335 0.119375 0.08083333333333333
0 0.618125 0.25083333333333335 0.118125 0.06833333333333333
0 0.586875 0.5708333333333333 0.115 0.09416666666666666
0 0.7175 0.49416666666666664 0.1175 0.08666666666666667
0 0.8025 0.7108333333333333 0.12875 0.1