0 0.6095833333333333 0.4707037037037037 0.09316666666666663 0.1683703703703704
0 0.498 0.03875925925925926 0.07900000000000006 0.07751851851851851
0 0.44566666666666666 0.10985185185185185 0.08800000000000012 0.16474074074074072
0 0.264125 0.25105555555555553 0.09075000000000003 0.1698888888888889
0 0.32066666666666666 0.30420370370370375 0.08808333333333337 0.1664074074074074
2 0.4662083333333334 0.4467962962962963 0.09208333333333343 0.1716296296296296
2 0.42200000000000004 0.2840740740740741 0.09474999999999995 0.1751111111111111
2 0.40495833333333336 0.5501296296296296 0.09458333333333342 0.17177777777777767
2 0.3629583333333333 0.6548148148148148 0.09208333333333328 0.1716296296296298
3 0.517625 0.16624074074074074 0.09074999999999989 0.1698888888888889
3 0.503 0.5584444444444444 0.09224999999999994 0.17496296296296293
3 0.46941666666666665 0.8811481481481481 0.09883333333333326 0.18200000000000008
3 0.3930833333333334 0.7627037037037038 0.09625 0.18018518518518514
3 0.44966666666666666 0.7153148148148147 0.09208333333333343 0.1716296296296298