2 0.21180555555555558 0.6054814814814815 0.10620370370370366 0.13535802469135813
2 0.4685879629629629 0.6936913580246914 0.10365740740740734 0.13364197530864202
2 0.6753472222222223 0.7612345679012346 0.11138888888888886 0.14212345679012345
2 0.6238888888888889 0.1850679012345679 0.10754629629629633 0.13871604938271606
2 0.4662962962962963 0.2589753086419753 0.10495370370370381 0.1353333333333333
0 0.36668981481481483 0.33673456790123457 0.10490740740740748 0.13366666666666666
0 0.34194444444444444 0.5304506172839507 0.10375 0.13697530864197535
0 0.34152777777777776 0.7253518518518518 0.10634259259259253 0.1403580246913581
0 0.46923611111111113 0.4679691358024691 0.10365740740740734 0.13364197530864202
0 0.6235185185185185 0.3108395061728395 0.10495370370370381 0.1353333333333333
3 0.2079398148148148 0.1824567901234568 0.10490740740740741 0.13366666666666666
3 0.19164351851851852 0.3868333333333333 0.10745370370370373 0.13538271604938273
3 0.11594907407407408 0.795604938271605 0.1075925925925926 0.14038271604938266
3 0.5632638888888889 0.5910432098765432 0.11263888888888886 0.14214814814814816
3 0.7760416666666667 0.5318703703703703 0.11375 0.13717283950617287