2 0.705625 0.8341666666666666 0.09625 0.13083333333333333
2 0.45625 0.36916666666666664 0.0975 0.13166666666666665
2 0.65375 0.15 0.100625 0.13333333333333333
2 0.400625 0.21583333333333332 0.109375 0.1375
2 0.290625 0.22833333333333333 0.104375 0.1425
0 0.12875 0.35083333333333333 0.104375 0.14416666666666667
0 0.4125 0.6675 0.09625 0.14083333333333334
0 0.56125 0.6708333333333333 0.10125 0.1375
0 0.59625 0.41 0.0975 0.1275
0 0.800625 0.18916666666666668 0.105625 0.13333333333333333
3 0.6425 0.51 0.098125 0.13333333333333333
3 0.608125 0.7933333333333333 0.094375 0.13416666666666666
3 0.286875 0.6816666666666666 0.105625 0.1375
3 0.398125 0.5141666666666667 0.106875 0.13333333333333333
3 0.251875 0.44666666666666666 0.105625 0.14166666666666666