2 0.3 0.8683333333333333 0.12875 0.1725
2 0.5775 0.5791666666666667 0.1175 0.16
2 0.70875 0.7041666666666667 0.11125 0.15
2 0.603125 0.8925 0.10375 0.15166666666666667
3 0.236875 0.1575 0.114375 0.13583333333333333
3 0.480625 0.21166666666666667 0.1175 0.15666666666666668
3 0.741875 0.22166666666666668 0.10375 0.14166666666666666
3 0.31625 0.6333333333333333 0.1175 0.1525
3 0.48125 0.745 0.11 0.15583333333333332
2 0.82375 0.33416666666666667 0.13 0.1525
0 0.223125 0.46166666666666667 0.126875 0.155
0 0.3825 0.2891666666666667 0.11625 0.1625
0 0.484375 0.45166666666666666 0.13 0.14666666666666667
0 0.655 0.43 0.12875 0.14416666666666667
0 0.834375 0.6733333333333333 0.111875 0.14666666666666667