0 0.47951388888888885 0.22329012345679014 0.13458333333333342 0.12518518518518515
0 0.40192129629629636 0.31958641975308644 0.12115740740740734 0.18125925925925923
0 0.38078703703703703 0.6309135802469136 0.10893518518518519 0.1458148148148147
0 0.3416435185185185 0.7589876543209876 0.15203703703703694 0.16916049382716059
0 0.5605324074074074 0.8352469135802469 0.11671296296296291 0.15611111111111123
2 0.5193287037037037 0.3407530864197531 0.10819444444444457 0.1640987654320988
2 0.5541435185185185 0.43593827160493825 0.09611111111111115 0.1336543209876544
2 0.5692824074074074 0.5876728395061728 0.10884259259259252 0.14248148148148138
2 0.6093518518518518 0.7409197530864198 0.10759259259259252 0.14243209876543214
2 0.4073148148148148 0.5299753086419753 0.09861111111111115 0.13375308641975303
3 0.3052546296296296 0.47324074074074074 0.13388888888888886 0.1900864197530863
3 0.7386111111111111 0.3578950617283951 0.13851851851851849 0.1320000000000001
3 0.6729629629629631 0.45122222222222225 0.10703703703703696 0.1673827160493827
3 0.4908101851851852 0.7381111111111112 0.10217592592592595 0.17218518518518522
3 0.4857638888888889 0.8748271604938272 0.1198148148148148 0.17787654320987636