3 0.406875 0.2658333333333333 0.099375 0.145
3 0.4125 0.4725 0.101875 0.1425
3 0.308125 0.56 0.101875 0.13333333333333333
3 0.534375 0.53 0.10375 0.1525
3 0.63875 0.17416666666666666 0.105625 0.13416666666666666
0 0.559375 0.0975 0.115625 0.13083333333333333
0 0.72625 0.4 0.103125 0.15833333333333333
0 0.64375 0.78 0.1025 0.14083333333333334
0 0.8075 0.9125 0.093125 0.13916666666666666
0 0.359375 0.6666666666666666 0.1075 0.14416666666666667
2 0.478125 0.885 0.1125 0.11083333333333334
2 0.514375 0.7516666666666667 0.095 0.12916666666666668
2 0.66375 0.6308333333333334 0.094375 0.125
2 0.41 0.7783333333333333 0.089375 0.14583333333333334
2 0.72 0.2325 0.1125 0.12416666666666666