0 0.6615138888888888 0.8289382716049383 0.09580555555555549 0.12703703703703714
0 0.7406527777777778 0.5555802469135802 0.09958333333333343 0.12885185185185188
0 0.5546388888888889 0.3375370370370371 0.09452777777777782 0.12532098765432106
0 0.4022222222222222 0.48641358024691356 0.10336111111111108 0.13066666666666663
0 0.4675 0.20584567901234568 0.09833333333333329 0.12880246913580246
2 0.32906944444444447 0.10710493827160493 0.09586111111111109 0.1303703703703704
2 0.47976388888888893 0.41702469135802467 0.09833333333333343 0.12880246913580246
2 0.643236111111111 0.4443024691358024 0.10083333333333343 0.1289012345679013
2 0.7612083333333334 0.4023271604938271 0.09833333333333315 0.12880246913580246
2 0.5225138888888889 0.9208827160493828 0.09719444444444449 0.1354197530864197
3 0.6389444444444444 0.6739814814814815 0.09952777777777783 0.12551851851851856
3 0.4191388888888889 0.6769567901234568 0.08952777777777783 0.12512345679012354
3 0.5401250000000001 0.590962962962963 0.09330555555555549 0.12693827160493829
3 0.2865138888888889 0.40189506172839506 0.09583333333333328 0.12870370370370382