3 0.81125 0.6816666666666666 0.116875 0.08333333333333333
3 0.7325 0.3983333333333333 0.11875 0.085
3 0.539375 0.7208333333333333 0.119375 0.08833333333333333
3 0.266875 0.6308333333333334 0.12 0.0875
3 0.436875 0.535 0.12 0.08166666666666667
2 0.19125 0.7191666666666666 0.1275 0.09083333333333334
2 0.16 0.5291666666666667 0.12875 0.08916666666666667
2 0.118125 0.3441666666666667 0.12 0.09
2 0.484375 0.46416666666666667 0.114375 0.08083333333333333
2 0.49 0.19583333333333333 0.11375 0.08916666666666667
0 0.405625 0.7641666666666667 0.109375 0.085
0 0.600625 0.6183333333333333 0.110625 0.08166666666666667
0 0.616875 0.5316666666666666 0.106875 0.07833333333333334
0 0.569375 0.2525 0.108125 0.08416666666666667
0 0.23125 0.3591666666666667 0.125625 0.08833333333333333