3 0.4310185185185185 0.196820987654321 0.11340740740740742 0.17444444444444443
3 0.5724166666666667 0.6343518518518518 0.10217592592592595 0.17666666666666667
3 0.4814537037037037 0.5736728395061729 0.11588888888888889 0.17135802469135797
3 0.40553703703703703 0.506141975308642 0.1135925925925926 0.2077777777777779
3 0.35214814814814815 0.6609567901234568 0.09201851851851856 0.14734567901234566
2 0.783986111111111 0.37259259259259264 0.11601851851851848 0.1946913580246914
2 0.3176990740740741 0.22064814814814815 0.11585185185185182 0.1646913580246914
2 0.410837962962963 0.33990740740740744 0.11202777777777782 0.15098765432098768
2 0.20629166666666665 0.6882407407407407 0.10834259259259263 0.16228395061728407
2 0.5056990740740741 0.8245370370370371 0.09587962962962962 0.16771604938271611
0 0.6946388888888889 0.5838888888888889 0.1108148148148149 0.1575308641975308
0 0.3002824074074074 0.4290432098765432 0.09199074074074076 0.14234567901234566
0 0.287912037037037 0.7421604938271605 0.10951851851851856 0.1490740740740741
0 0.16177777777777777 0.8214197530864198 0.11333333333333336 0.16111111111111123
0 0.5923935185185185 0.8656172839506174 0.0944814814814815 0.1409259259259261