2 0.5442916666666666 0.5613888888888888 0.12758333333333327 0.15759259259259256
2 0.4102083333333333 0.4483641975308642 0.14866666666666675 0.18024691358024691
2 0.386625 0.2759567901234568 0.14266666666666666 0.18493827160493823
2 0.5822083333333333 0.7835493827160495 0.13008333333333325 0.1327777777777779
2 0.4609166666666667 0.8390740740740741 0.15566666666666662 0.1706172839506174
0 0.7326249999999999 0.6496604938271605 0.13333333333333314 0.1728395061728395
0 0.7226666666666667 0.9684567901234569 0.12966666666666668 0.06308641975308622
0 0.6702083333333333 0.7978703703703703 0.10974999999999994 0.15006172839506177
0 0.633375 0.47268518518518515 0.13024999999999992 0.16104938271604927
0 0.29416666666666663 0.30962962962962964 0.12966666666666668 0.1493827160493827
3 0.505 0.2992592592592592 0.12674999999999997 0.16586419753086412
3 0.33212500000000006 0.6074382716049382 0.15474999999999994 0.2021604938271605
3 0.256625 0.43163580246913585 0.1436666666666666 0.2049382716049384
3 0.6133749999999999 0.8956481481481482 0.14183333333333337 0.16827160493827176
3 0.6430416666666667 0.7034259259259259 0.1264166666666665 0.15919753086419747