0 0.7115972222222223 0.4405679012345679 0.1289166666666665 0.1647777777777778
0 0.5108472222222222 0.5600617283950616 0.1160833333333332 0.1537901234567901
0 0.36580555555555555 0.5310555555555555 0.11097222222222229 0.15006172839506177
0 0.45887500000000003 0.7280740740740741 0.1086944444444444 0.15653086419753096
0 0.3456388888888889 0.7600679012345679 0.11483333333333334 0.15369135802469144
2 0.6126666666666667 0.7201728395061728 0.1313055555555556 0.16164197530864197
2 0.20620833333333333 0.4123333333333333 0.11727777777777774 0.1522222222222223
2 0.29883333333333334 0.1715 0.10977777777777774 0.1516296296296296
2 0.48343055555555553 0.21699999999999997 0.1186388888888888 0.15565432098765428
2 0.6825972222222222 0.29540123456790124 0.1149444444444444 0.1570246913580247
3 0.3812638888888889 0.3492962962962963 0.1186944444444444 0.15732098765432093
3 0.18086111111111108 0.17638271604938272 0.11216666666666669 0.1484938271604938
3 0.14434722222222224 0.2754320987654321 0.12347222222222222 0.15104938271604937
3 0.1990833333333333 0.607283950617284 0.1186944444444444 0.15732098765432093
3 0.4624861111111111 0.8829320987654321 0.1149444444444444 0.1570246913580248