2 0.46891666666666665 0.9540185185185184 0.10133333333333326 0.0919629629629632
2 0.5055833333333334 0.8707962962962963 0.09508333333333326 0.19525925925925927
2 0.36920833333333336 0.6157037037037036 0.08736111111111114 0.1881481481481482
2 0.5842222222222222 0.3855925925925926 0.08655555555555566 0.2014074074074074
2 0.44873611111111117 0.11974074074074074 0.09116666666666674 0.19003703703703703
0 0.3232083333333333 0.7327407407407407 0.08094444444444449 0.1827777777777777
0 0.27802777777777776 0.443962962962963 0.08200000000000003 0.21444444444444438
0 0.4450694444444444 0.4588518518518519 0.08788888888888892 0.16655555555555565
0 0.5011249999999999 0.6434814814814814 0.07594444444444434 0.18248148148148138
0 0.6574305555555555 0.355 0.10466666666666669 0.22077777777777782
3 0.5609444444444445 0.8100370370370371 0.09888888888888886 0.19714814814814796
3 0.5477916666666667 0.5464444444444445 0.1075277777777778 0.19433333333333336
3 0.3239027777777778 0.1921851851851852 0.09366666666666675 0.19018518518518518
3 0.4996805555555555 0.3381666666666666 0.08305555555555542 0.1712592592592593
3 0.7457638888888889 0.49746296296296294 0.08916666666666685 0.20488888888888898