0 0.280625 0.5717407407407408 0.08407407407407405 0.16555555555555543
0 0.35854166666666665 0.6566851851851851 0.1275 0.13855555555555554
0 0.591875 0.6260370370370371 0.1018518518518519 0.12614814814814812
0 0.6904861111111111 0.6539999999999999 0.11490740740740733 0.18144444444444446
0 0.7318518518518519 0.3488888888888889 0.10856481481481467 0.13466666666666668
2 0.36618055555555556 0.4966481481481482 0.11532407407407405 0.12155555555555565
2 0.4342129629629629 0.43272222222222223 0.09351851851851847 0.1109259259259259
2 0.5464583333333334 0.3842962962962963 0.09819444444444443 0.12770370370370376
2 0.6574305555555555 0.30244444444444446 0.0981018518518519 0.126037037037037
2 0.5151157407407407 0.6104074074074074 0.0937037037037038 0.11425925925925942
3 0.48013888888888884 0.7554444444444445 0.1334259259259258 0.1553703703703703
3 0.36310185185185184 0.20274074074074075 0.0868518518518519 0.17062962962962966
3 0.4374768518518518 0.27255555555555555 0.11782407407407405 0.1216296296296296
3 0.6643055555555556 0.4604074074074074 0.12236111111111114 0.11344444444444435
3 0.7668055555555555 0.44090740740740747 0.12490740740740733 0.13681481481481494