0 0.531875 0.325 0.113125 0.0875
0 0.1525 0.4116666666666667 0.10625 0.08083333333333333
0 0.22375 0.4925 0.110625 0.08083333333333333
0 0.28625 0.7466666666666667 0.11375 0.08333333333333333
0 0.339375 0.68 0.11125 0.08
2 0.91625 0.5208333333333334 0.12 0.08666666666666667
2 0.480625 0.5083333333333333 0.115 0.08416666666666667
2 0.348125 0.5458333333333333 0.118125 0.08583333333333333
2 0.543125 0.6008333333333333 0.115 0.08666666666666667
2 0.611875 0.6691666666666667 0.114375 0.08333333333333333
3 0.2825 0.4066666666666667 0.11375 0.08333333333333333
3 0.5725 0.475 0.118125 0.08416666666666667
3 0.806875 0.5591666666666667 0.125625 0.08916666666666667
3 0.699375 0.6433333333333333 0.12125 0.08583333333333333
3 0.6775 0.5641666666666667 0.115 0.08333333333333333