3 0.32466203703703705 0.20298148148148148 0.11537962962962965 0.14485185185185182
3 0.6221898148148148 0.6221851851851852 0.12911111111111112 0.17725925925925934
3 0.7034351851851852 0.8032592592592593 0.12279629629629625 0.1752222222222222
3 0.5160092592592593 0.7780185185185186 0.1287222222222222 0.16725925925925936
3 0.4239537037037037 0.905712962962963 0.14751851851851852 0.18857407407407398
0 0.4833333333333333 0.17829629629629629 0.12346296296296287 0.1602962962962963
0 0.22734722222222226 0.3302407407407407 0.10518518518518519 0.13925925925925925
0 0.4643194444444444 0.5712592592592594 0.10669444444444451 0.14599999999999985
0 0.7211527777777778 0.6014444444444444 0.11885185185185179 0.17
2 0.3747592592592593 0.7696481481481482 0.1335925925925926 0.16422222222222216
2 0.4955185185185185 0.3793888888888889 0.14208333333333342 0.15807407407407406
2 0.2742824074074074 0.5109444444444444 0.11609259259259261 0.16318518518518527
2 0.1719675925925926 0.5256666666666666 0.11055555555555557 0.1811481481481481
2 0.2682777777777778 0.7092962962962963 0.1056388888888889 0.1509259259259259
2 0.6079768518518519 0.8499814814814814 0.12359259259259261 0.16362962962962968