2 0.350625 0.2816666666666667 0.130625 0.09166666666666666
2 0.176875 0.41583333333333333 0.140625 0.1
2 0.76875 0.43833333333333335 0.124375 0.09333333333333334
2 0.8025 0.5458333333333333 0.1225 0.1175
3 0.593125 0.3075 0.143125 0.12
2 0.615625 0.67 0.1225 0.09333333333333334
3 0.564375 0.4241666666666667 0.136875 0.09083333333333334
3 0.40375 0.3616666666666667 0.115 0.07833333333333334
3 0.426875 0.505 0.13875 0.10083333333333333
3 0.358125 0.6066666666666667 0.13375 0.08416666666666667
0 0.221875 0.545 0.14375 0.09416666666666666
0 0.210625 0.6641666666666667 0.138125 0.095
0 0.54875 0.6125 0.1225 0.08666666666666667
0 0.61375 0.5475 0.14875 0.09
0 0.709375 0.585 0.12625 0.08