3 0.22990277777777776 0.24776543209876545 0.11901851851851852 0.1555555555555556
3 0.48358796296296297 0.1415864197530864 0.11681481481481484 0.1620246913580247
3 0.5738518518518518 0.060854938271604944 0.1142407407407407 0.12170987654320989
3 0.6666805555555555 0.4791851851851852 0.11247222222222235 0.14839506172839512
3 0.6064675925925926 0.620253086419753 0.11004629629629634 0.14986419753086427
0 0.3799583333333334 0.8580864197530864 0.11247222222222235 0.14839506172839492
0 0.4296898148148148 0.7069753086419753 0.1136481481481482 0.1468271604938271
0 0.7011111111111111 0.7599567901234568 0.10997222222222205 0.14819753086419762
0 0.5799675925925926 0.30624074074074076 0.11409259259259258 0.1568271604938271
0 0.5088657407407408 0.5409938271604938 0.11129629629629618 0.14996296296296294
2 0.5898287037037037 0.7821296296296296 0.11144444444444446 0.15329629629629626
2 0.36770833333333336 0.4977901234567902 0.11137037037037033 0.1516296296296296
2 0.33743981481481483 0.35300000000000004 0.11659259259259258 0.1570246913580246
2 0.7635648148148149 0.49996296296296294 0.1087962962962962 0.14976543209876544
2 0.650712962962963 0.21869753086419755 0.1179907407407407 0.1604567901234568