3 0.30943055555555554 0.22646296296296298 0.09774999999999999 0.12092592592592591
3 0.290125 0.4305061728395062 0.09286111111111112 0.12420987654320982
3 0.38131944444444443 0.5831234567901235 0.09336111111111109 0.13920987654321001
3 0.6256666666666666 0.061197530864197526 0.10952777777777783 0.09938271604938272
3 0.63425 0.47891975308641976 0.1100555555555556 0.15270370370370376
0 0.39168055555555553 0.04721604938271605 0.08913888888888892 0.08751851851851851
0 0.4171805555555555 0.2950493827160494 0.10847222222222229 0.1426913580246914
0 0.31606944444444446 0.7025185185185185 0.09302777777777776 0.1292098765432098
0 0.3232777777777778 0.9551728395061729 0.09391666666666666 0.080901234567901
0 0.4128611111111111 0.7434876543209877 0.08763888888888886 0.11749382716049392
2 0.22884722222222223 0.6558086419753086 0.08286111111111111 0.12411111111111116
2 0.45131944444444444 0.5838148148148148 0.08227777777777774 0.14409876543209882
2 0.5958888888888889 0.7669691358024691 0.1098333333333332 0.1460370370370371
2 0.7447638888888889 0.9294567901234567 0.0886944444444444 0.14108641975308653
2 0.7524861111111111 0.4392407407407408 0.09574999999999989 0.13590123456790137