2 0.8310416666666666 0.5482592592592592 0.11455555555555577 0.14318518518518505
2 0.6703194444444445 0.3299814814814815 0.10586111111111109 0.14433333333333337
2 0.5578611111111111 0.6426851851851851 0.10830555555555549 0.14281481481481478
2 0.475 0.8140925925925925 0.10902777777777771 0.16448148148148145
2 0.44173611111111116 0.6582592592592592 0.11227777777777788 0.14970370370370384
3 0.6667777777777778 0.6167037037037038 0.1061944444444444 0.15433333333333318
3 0.5557500000000001 0.35479629629629633 0.10597222222222229 0.1476666666666667
0 0.5744305555555556 0.8965000000000002 0.1138611111111112 0.159777777777778
0 0.2601388888888889 0.5435370370370372 0.11994444444444446 0.15514814814814826
3 0.19680555555555557 0.2528518518518518 0.13822222222222222 0.17951851851851852
3 0.36894444444444446 0.2896666666666667 0.12766666666666665 0.16225925925925927
0 0.47106944444444443 0.4154814814814815 0.11591666666666668 0.14659259259259252
0 0.4784861111111111 0.26372222222222225 0.1100555555555556 0.1578888888888889
3 0.48531944444444447 0.5435740740740741 0.09558333333333337 0.13540740740740737
0 0.3892083333333333 0.542037037037037 0.12822222222222224 0.17892592592592602