3 0.5603611111111111 0.208179012345679 0.11480555555555555 0.17098765432098764
3 0.4127546296296296 0.6212037037037037 0.10241666666666674 0.17475308641975307
3 0.5045648148148147 0.576820987654321 0.11598148148148141 0.16777777777777791
3 0.5809537037037037 0.5217283950617284 0.1142962962962963 0.20419753086419745
3 0.6324166666666666 0.6863271604938271 0.09303703703703704 0.14555555555555563
2 0.2051712962962963 0.3225925925925926 0.11653703703703705 0.19277777777777771
2 0.6727638888888889 0.2518518518518519 0.11583333333333343 0.16111111111111115
2 0.5783888888888888 0.3552777777777778 0.11303703703703703 0.14753086419753078
2 0.7771898148148148 0.7390432098765433 0.10833333333333314 0.16037037037037027
2 0.47654629629629625 0.822932098765432 0.0959814814814814 0.16580246913580254
0 0.2909444444444444 0.5498765432098766 0.11072222222222222 0.15561728395061722
0 0.6874722222222222 0.4637654320987654 0.09292592592592598 0.14055555555555543
0 0.6948842592592592 0.7785185185185185 0.11053703703703718 0.14728395061728405
0 0.8197777777777777 0.8802160493827161 0.1132592592592593 0.1575308641975308
0 0.38889351851851856 0.8493518518518518 0.09538888888888891 0.13913580246913587