2 0.13 0.4025 0.16125 0.12583333333333332
2 0.24375 0.4583333333333333 0.140625 0.11166666666666666
2 0.43375 0.29583333333333334 0.135 0.10166666666666667
2 0.60875 0.6016666666666667 0.145 0.09916666666666667
2 0.81 0.44166666666666665 0.14375 0.1075
0 0.345625 0.225 0.13125 0.09416666666666666
0 0.561875 0.1875 0.155 0.09333333333333334
0 0.5525 0.41 0.11875 0.105
0 0.414375 0.47 0.13125 0.0875
0 0.6325 0.7025 0.1575 0.12416666666666666
3 0.29 0.5366666666666666 0.14125 0.1175
3 0.4875 0.54 0.138125 0.12833333333333333
3 0.75125 0.26916666666666667 0.13625 0.10916666666666666
3 0.643125 0.4925 0.121875 0.09833333333333333
3 0.52625 0.8091666666666667 0.1475 0.10416666666666667