2 0.75875 0.3516975308641976 0.12 0.1659259259259259
2 0.58 0.7246913580246913 0.10875 0.14870370370370362
2 0.235625 0.7083641975308641 0.1175 0.17080246913580255
2 0.2025 0.28833333333333333 0.12375 0.18277777777777782
2 0.26875 0.38756172839506176 0.1225 0.1693827160493827
0 0.565625 0.5120679012345679 0.11625 0.15407407407407392
0 0.359375 0.8055864197530864 0.115 0.16734567901234565
0 0.478125 0.8780555555555555 0.1075 0.16697530864197538
0 0.544375 0.2047839506172839 0.10375 0.15679012345679014
0 0.383125 0.1469135802469136 0.12 0.16425925925925924
3 0.6525 0.28277777777777774 0.11875 0.18919753086419755
3 0.738125 0.6410493827160494 0.115 0.17401234567901233
3 0.4625 0.2929938271604938 0.105 0.1735185185185185
3 0.4475 0.5112345679012346 0.11125 0.18716049382716052
3 0.313125 0.5253703703703704 0.105 0.15018518518518514