3 0.56375 0.1525 0.110625 0.16
3 0.425625 0.5791666666666667 0.09875 0.165
3 0.51625 0.5258333333333334 0.111875 0.15583333333333332
3 0.59125 0.4633333333333333 0.11 0.19333333333333333
3 0.64625 0.6225 0.090625 0.1375
2 0.211875 0.3016666666666667 0.111875 0.18083333333333335
2 0.676875 0.185 0.1125 0.15
2 0.585 0.2975 0.11 0.1375
2 0.791875 0.6608333333333334 0.104375 0.14916666666666667
2 0.49375 0.7741666666666667 0.091875 0.1575
0 0.3025 0.52 0.1075 0.145
0 0.69625 0.395 0.090625 0.13166666666666665
0 0.710625 0.7083333333333334 0.106875 0.13583333333333333
0 0.8375 0.7975 0.109375 0.14666666666666667
0 0.406875 0.8091666666666667 0.091875 0.12916666666666668