0 0.21067592592592593 0.6678209876543211 0.1257962962962963 0.15320987654320978
0 0.2836435185185185 0.5211604938271605 0.12463888888888888 0.16977777777777778
0 0.4080138888888889 0.28540123456790123 0.12342592592592595 0.1763456790123457
0 0.6726527777777779 0.6496604938271605 0.1121203703703702 0.16545679012345677
0 0.6296111111111111 0.21787037037037038 0.11464814814814815 0.17065432098765426
3 0.7108703703703705 0.2131172839506173 0.1133703703703702 0.1655555555555555
3 0.495087962962963 0.31437037037037036 0.10956481481481475 0.15525925925925926
3 0.3938842592592593 0.5558024691358024 0.11822222222222223 0.13928395061728394
3 0.5212222222222223 0.7416604938271605 0.11841666666666668 0.17428395061728394
3 0.45906481481481476 0.8082654320987654 0.11835185185185196 0.1626172839506171
2 0.3809444444444445 0.7027222222222222 0.11830555555555548 0.15428395061728395
2 0.5198148148148148 0.6008765432098765 0.12211111111111109 0.16458024691358028
2 0.5213703703703704 0.43067901234567896 0.11588888888888889 0.16908641975308644
2 0.6890555555555555 0.45077777777777783 0.12331481481481489 0.1563456790123458
2 0.8055694444444444 0.48909259259259263 0.12962037037037022 0.16683950617283946