3 0.6635185185185185 0.8719506172839506 0.12101851851851847 0.13130864197530856
3 0.5360648148148148 0.8910555555555555 0.11472222222222228 0.17434567901234574
3 0.5574305555555555 0.5364567901234568 0.08523148148148152 0.10159259259259254
3 0.6057175925925925 0.4318148148148148 0.09324074074074076 0.12022222222222222
3 0.3410648148148148 0.3664197530864197 0.08699074074074076 0.1199753086419753
0 0.33643518518518517 0.5593580246913581 0.10166666666666671 0.15385185185185188
0 0.7749537037037036 0.8830123456790123 0.09064814814814809 0.11679012345679023
0 0.741574074074074 0.7152098765432099 0.08527777777777772 0.1032592592592592
0 0.4519675925925926 0.38079012345679014 0.09092592592592595 0.12679012345679014
0 0.3524074074074074 0.23534567901234568 0.11611111111111114 0.13444444444444448
2 0.6188194444444445 0.723679012345679 0.10833333333333343 0.12414814814814823
2 0.7315740740740742 0.6249135802469136 0.08768518518518534 0.1000246913580247
2 0.759837962962963 0.5186481481481481 0.09833333333333315 0.12375308641975304
2 0.3781712962962963 0.44363580246913575 0.08296296296296304 0.10982716049382721
2 0.5364351851851852 0.27508024691358024 0.08875 0.13835802469135805