0 0.65625 0.5975 0.086875 0.11833333333333333
0 0.660625 0.45666666666666667 0.090625 0.12083333333333333
0 0.761875 0.37 0.086875 0.125
0 0.85125 0.38666666666666666 0.09125 0.11666666666666667
0 0.511875 0.3333333333333333 0.09 0.11916666666666667
3 0.855625 0.5641666666666667 0.088125 0.11166666666666666
3 0.648125 0.7166666666666667 0.086875 0.10916666666666666
3 0.426875 0.5458333333333333 0.0875 0.115
3 0.46 0.4116666666666667 0.09 0.11916666666666667
3 0.54125 0.155 0.089375 0.12416666666666666
2 0.363125 0.8491666666666666 0.088125 0.1175
2 0.454375 0.7525 0.086875 0.11583333333333333
2 0.5525 0.655 0.0875 0.1175
2 0.28875 0.51 0.094375 0.11916666666666667
2 0.340625 0.3441666666666667 0.094375 0.12083333333333333