3 0.7018564814814815 0.5281296296296296 0.11535185185185184 0.17985185185185174
3 0.4685277777777778 0.6947777777777778 0.08893518518518519 0.11914814814814804
3 0.4841666666666667 0.4273888888888889 0.09665740740740744 0.12437037037037044
3 0.3274768518518519 0.4185740740740741 0.08474999999999994 0.1373333333333333
3 0.23607407407407408 0.32074074074074077 0.1007037037037037 0.13114814814814812
2 0.6792592592592592 0.7127037037037037 0.12181481481481483 0.1567407407407408
2 0.531375 0.7592222222222221 0.09909259259259258 0.15107407407407397
2 0.29305555555555557 0.7847037037037038 0.11379629629629634 0.14485185185185193
2 0.2780416666666667 0.6015185185185185 0.09460185185185183 0.1342962962962963
2 0.1842361111111111 0.43101851851851847 0.09680555555555558 0.12770370370370376
2 0.5676805555555555 0.5900740740740741 0.11762037037037032 0.14662962962962978