0 0.559375 0.1525 0.115625 0.13666666666666666
0 0.273125 0.38916666666666666 0.1175 0.14333333333333334
0 0.633125 0.6266666666666667 0.09875 0.13916666666666666
0 0.741875 0.5516666666666666 0.1 0.15083333333333335
0 0.3525 0.7983333333333333 0.1 0.13166666666666665
2 0.44125 0.21916666666666668 0.103125 0.1325
2 0.555 0.48 0.106875 0.14083333333333334
2 0.410625 0.4483333333333333 0.095 0.11666666666666667
2 0.2475 0.65 0.10625 0.12833333333333333
2 0.655 0.8133333333333334 0.111875 0.13833333333333334
3 0.688125 0.3375 0.100625 0.14916666666666667
3 0.795625 0.3975 0.09 0.13083333333333333
3 0.364375 0.6216666666666667 0.0975 0.13
3 0.483125 0.6333333333333333 0.091875 0.13
3 0.51 0.8275 0.103125 0.1375