0 0.38585648148148144 0.9566851851851853 0.13983333333333334 0.0866296296296294
0 0.5301481481481481 0.7006296296296296 0.15388888888888885 0.18388888888888877
0 0.6564814814814816 0.648037037037037 0.13175000000000012 0.14262962962962963
0 0.4155324074074074 0.2540925925925926 0.1051018518518518 0.17933333333333337
0 0.3130787037037037 0.18961111111111112 0.12855555555555553 0.1674074074074074
3 0.6543287037037037 0.773074074074074 0.1463518518518518 0.18177777777777768
3 0.727 0.5162037037037037 0.14903703703703713 0.19025925925925927
3 0.7172962962962963 0.2769814814814815 0.13638888888888887 0.18285185185185185
3 0.38878703703703704 0.47196296296296303 0.13576851851851843 0.21111111111111125
3 0.23441666666666666 0.6597407407407407 0.1432685185185185 0.21155555555555566
2 0.5760787037037037 0.40796296296296297 0.12775000000000006 0.1873333333333333
2 0.6343194444444444 0.2653888888888889 0.13183333333333336 0.20255555555555552
2 0.5724907407407407 0.09066666666666667 0.12001851851851854 0.12029629629629629
2 0.36246759259259265 0.6706666666666666 0.12620370370370382 0.173925925925926
2 0.25449999999999995 0.4882037037037037 0.1460925925925926 0.1701111111111112