3 0.2340972222222222 0.23160493827160494 0.13370370370370366 0.11796296296296295
3 0.2875462962962963 0.5281172839506172 0.13504629629629628 0.1196913580246913
3 0.5083101851851852 0.24898148148148147 0.13648148148148154 0.12308641975308642
3 0.7714351851851852 0.39391975308641974 0.13638888888888887 0.12141975308641975
3 0.5936342592592593 0.4536728395061728 0.13611111111111115 0.11641975308641975
2 0.8545601851851852 0.3221296296296296 0.14416666666666658 0.12679012345679014
2 0.8690972222222223 0.5161111111111111 0.14550925925925923 0.12851851851851848
2 0.8941666666666666 0.7079012345679012 0.1378240740740739 0.12481481481481485
2 0.5399537037037037 0.5139814814814815 0.12976851851851848 0.11444444444444457
2 0.5107407407407407 0.7778086419753086 0.13148148148148153 0.1228395061728395
0 0.6453472222222223 0.23385802469135802 0.12620370370370382 0.11759259259259257
0 0.4380324074074074 0.3376851851851852 0.12601851851851847 0.11425925925925924
0 0.41439814814814807 0.41990740740740745 0.12208333333333343 0.11074074074074076
0 0.4365277777777778 0.7054320987654321 0.12351851851851847 0.11413580246913588
0 0.7830092592592592 0.6699382716049382 0.1415740740740739 0.125