2 0.44095833333333334 0.31266049382716055 0.08922222222222218 0.1842962962962963
2 0.4649444444444444 0.4782962962962963 0.08913888888888892 0.17929629629629631
2 0.26740277777777777 0.462141975308642 0.08274999999999999 0.1705308641975309
2 0.30218055555555556 0.7508827160493827 0.07386111111111113 0.16159259259259254
2 0.5164305555555555 0.6832901234567902 0.08786111111111111 0.17754320987654335
3 0.24325000000000002 0.21159259259259258 0.08416666666666671 0.1806172839506173
3 0.31793055555555555 0.23506790123456792 0.08427777777777777 0.18728395061728398
3 0.38495833333333335 0.5110555555555556 0.08172222222222217 0.18377777777777776
3 0.596013888888889 0.47653703703703704 0.09566666666666662 0.19639506172839505
3 0.6299722222222222 0.7535679012345678 0.08797222222222217 0.1842098765432098
0 0.4418611111111111 0.7788518518518519 0.08033333333333331 0.1753580246913581
0 0.3453194444444445 0.7172407407407407 0.07150000000000006 0.1697530864197531
0 0.5763055555555556 0.6424814814814815 0.09027777777777772 0.17271604938271592
0 0.543125 0.824141975308642 0.08530555555555551 0.17403703703703702
0 0.7181666666666666 0.9089567901234568 0.09683333333333337 0.18208641975308637