3 0.305625 0.2375 0.08375 0.11583333333333333
3 0.459375 0.235 0.0875 0.11083333333333334
3 0.56625 0.37333333333333335 0.09875 0.11083333333333334
3 0.13875 0.6391666666666667 0.105 0.13583333333333333
3 0.46875 0.6975 0.106875 0.13083333333333333
0 0.140625 0.3258333333333333 0.1125 0.10833333333333334
0 0.34875 0.3883333333333333 0.100625 0.13
0 0.66 0.3 0.09125 0.10916666666666666
0 0.86125 0.3383333333333333 0.079375 0.11583333333333333
0 0.683125 0.43333333333333335 0.081875 0.105
2 0.631875 0.17916666666666667 0.0875 0.0975
2 0.56125 0.4666666666666667 0.101875 0.09416666666666666
2 0.686875 0.6791666666666667 0.1025 0.13
2 0.80125 0.8966666666666666 0.11 0.10166666666666667
2 0.43 0.85 0.094375 0.1125