2 0.45391666666666663 0.5056851851851851 0.10716666666666669 0.14925925925925923
2 0.4950416666666666 0.30633333333333335 0.12091666666666669 0.175
2 0.6151666666666666 0.22194444444444447 0.12533333333333332 0.16362962962962968
2 0.3022083333333333 0.6235185185185185 0.08516666666666665 0.1579259259259258
2 0.2227083333333333 0.4936296296296297 0.11274999999999999 0.18614814814814812
0 0.44849999999999995 0.7635740740740741 0.11866666666666674 0.15492592592592586
0 0.17508333333333334 0.8728333333333335 0.10875 0.15599999999999986
0 0.3196666666666667 0.7354814814814815 0.10224999999999994 0.1257037037037037
0 0.54775 0.5857037037037037 0.10858333333333334 0.1526666666666667
0 0.5604166666666667 0.1205 0.09991666666666674 0.15381481481481482
3 0.635 0.3736481481481482 0.11324999999999989 0.14629629629629629
3 0.35329166666666667 0.2623888888888889 0.13849999999999996 0.17770370370370367
3 0.4585416666666666 0.11407407407407408 0.14266666666666666 0.16133333333333336
3 0.2293333333333333 0.6976296296296296 0.11299999999999998 0.16622222222222224
3 0.38016666666666665 0.672074074074074 0.10833333333333343 0.1476666666666665