3 0.18148611111111113 0.6270185185185185 0.11331481481481483 0.15
3 0.27773611111111113 0.5116851851851852 0.1107962962962963 0.14659259259259252
3 0.600824074074074 0.5087777777777778 0.1120648148148149 0.14996296296296294
3 0.6719953703703703 0.18338888888888888 0.11333333333333342 0.15333333333333332
3 0.745037037037037 0.42118518518518516 0.11582407407407402 0.1517407407407408
2 0.3128611111111111 0.8255925925925925 0.11712037037037035 0.1601111111111112
2 0.34792592592592597 0.587925925925926 0.11207407407407402 0.15162962962962978
2 0.4804398148148148 0.5815 0.1133148148148149 0.15
2 0.2909953703703704 0.26216666666666666 0.11331481481481476 0.15
2 0.5135555555555555 0.24474074074074073 0.11332407407407402 0.15166666666666667
0 0.4094305555555556 0.42779629629629623 0.11458333333333343 0.1533703703703704
0 0.5557453703703703 0.4117962962962963 0.1145648148148149 0.15003703703703708
0 0.4187731481481481 0.7707962962962963 0.11083333333333342 0.1532592592592592
0 0.5424814814814815 0.7746296296296297 0.11710185185185182 0.15677777777777768
0 0.6276296296296295 0.632962962962963 0.11583333333333343 0.15340740740740746