3 0.643125 0.15 0.096875 0.11916666666666667
3 0.411875 0.6066666666666667 0.10625 0.15083333333333335
3 0.359375 0.7966666666666666 0.100625 0.15
3 0.5425 0.7433333333333333 0.1075 0.14083333333333334
3 0.655 0.8616666666666667 0.12125 0.17083333333333334
0 0.48125 0.15 0.101875 0.1325
0 0.76 0.26 0.088125 0.11583333333333333
0 0.56125 0.5325 0.088125 0.12416666666666666
0 0.31 0.6008333333333333 0.09625 0.145
2 0.681875 0.7141666666666666 0.113125 0.135
2 0.500625 0.3491666666666667 0.123125 0.12666666666666668
2 0.74125 0.445 0.094375 0.13833333333333334
2 0.845625 0.44416666666666665 0.08625 0.15833333333333333
2 0.778125 0.6383333333333333 0.08625 0.12833333333333333
2 0.461875 0.8275 0.1025 0.1375