0 0.29625 0.3283333333333333 0.108125 0.12916666666666668
0 0.47 0.5108333333333334 0.094375 0.1225
0 0.615 0.5308333333333334 0.089375 0.12166666666666667
0 0.490625 0.6908333333333333 0.088125 0.12833333333333333
0 0.594375 0.76 0.09375 0.12416666666666666
2 0.343125 0.6325 0.109375 0.1275
2 0.790625 0.4683333333333333 0.0975 0.12
2 0.743125 0.20416666666666666 0.08875 0.12416666666666666
2 0.55625 0.18666666666666668 0.096875 0.12416666666666666
2 0.35 0.1975 0.09375 0.12583333333333332
3 0.631875 0.3491666666666667 0.096875 0.12583333333333332
3 0.85625 0.2475 0.091875 0.11833333333333333
3 0.874375 0.35583333333333333 0.10375 0.1175
3 0.763125 0.66 0.098125 0.125
3 0.46 0.84 0.09375 0.12583333333333332