2 0.7774305555555556 0.6465679012345679 0.12794444444444453 0.1681728395061729
2 0.5914027777777777 0.2713703703703704 0.11608333333333334 0.14939506172839506
2 0.2478888888888889 0.2835987654320988 0.12549999999999997 0.16974074074074072
2 0.22316666666666665 0.7029012345679013 0.131 0.18493827160493842
2 0.28730555555555554 0.6047345679012346 0.13055555555555556 0.1716049382716049
0 0.5810138888888889 0.4840123456790123 0.1225 0.15464197530864188
0 0.3695555555555556 0.18853703703703706 0.12294444444444437 0.1679753086419753
0 0.48640277777777774 0.11741975308641976 0.11549999999999998 0.16934567901234568
0 0.5662638888888889 0.7905246913580247 0.11011111111111106 0.15748148148148156
0 0.40647222222222223 0.8466296296296296 0.1266388888888889 0.16645679012345682
3 0.6729444444444446 0.7140123456790123 0.12741666666666673 0.18979012345679014
3 0.7509444444444445 0.3575679012345679 0.12316666666666663 0.17464197530864198
3 0.4834027777777778 0.701530864197531 0.11191666666666662 0.17419753086419745
3 0.46302777777777776 0.4835123456790124 0.11991666666666674 0.18949382716049382
3 0.32891666666666663 0.46739506172839507 0.11113888888888894 0.15086419753086414