3 0.495 0.19105555555555553 0.1325 0.14595061728395062
3 0.365 0.4944567901234567 0.0875 0.11339506172839492
3 0.565625 0.48549382716049383 0.09125 0.12346913580246906
3 0.56875 0.6945987654320988 0.10125 0.10700000000000008
3 0.64 0.8206913580246913 0.09625 0.12690123456790123
2 0.35625 0.21296296296296297 0.115 0.15560493827160496
2 0.318125 0.40788271604938275 0.11125 0.1255308641975309
2 0.29375 0.7241975308641976 0.10625 0.14709876543209874
2 0.430625 0.7523271604938272 0.09875 0.12028395061728399
2 0.55625 0.8848456790123457 0.09375 0.12351851851851847
2 0.445625 0.3670308641975309 0.1075 0.15045679012345678