2 0.7623842592592592 0.1322469135802469 0.10069444444444457 0.13240740740740742
2 0.5711342592592592 0.2593641975308642 0.10365740740740734 0.14093827160493827
2 0.5071064814814815 0.5158148148148148 0.0937962962962962 0.12024691358024692
2 0.4516898148148148 0.6172654320987654 0.1032870370370371 0.1342716049382716
2 0.6391435185185186 0.6256851851851851 0.1185648148148148 0.14045679012345677
3 0.6969907407407407 0.37967901234567897 0.10490740740740734 0.14103703703703702
3 0.425625 0.21278395061728397 0.09731481481481481 0.1387777777777778
3 0.07101851851851851 0.3569567901234568 0.09800925925925927 0.1288765432098766
3 0.4269907407407408 0.4458148148148148 0.10472222222222229 0.13770370370370377
3 0.27953703703703703 0.7030493827160493 0.08601851851851848 0.11465432098765442
0 0.3391435185185185 0.2461666666666667 0.10384259259259267 0.1442716049382716
0 0.1853935185185185 0.370320987654321 0.09694444444444443 0.1321111111111111
0 0.35810185185185184 0.5209506172839506 0.09800925925925924 0.1288765432098766
0 0.3409027777777778 0.6401234567901235 0.09513888888888886 0.12201234567901244
0 0.452037037037037 0.7566234567901235 0.1366203703703704 0.15183950617283964