2 0.55875 0.0975 0.11 0.13666666666666666
2 0.7225 0.5283333333333333 0.104375 0.1325
2 0.830625 0.6525 0.095625 0.13833333333333334
2 0.399375 0.4675 0.110625 0.12083333333333333
2 0.283125 0.8291666666666667 0.1075 0.17583333333333334
3 0.66375 0.23083333333333333 0.094375 0.1425
3 0.789375 0.1875 0.11625 0.13666666666666666
3 0.68375 0.4033333333333333 0.0875 0.11916666666666667
3 0.366875 0.35833333333333334 0.10625 0.12166666666666667
3 0.544375 0.7508333333333334 0.1075 0.13416666666666666
0 0.306875 0.5475 0.09875 0.13083333333333333
0 0.445 0.6258333333333334 0.1025 0.14916666666666667
0 0.42 0.8558333333333333 0.086875 0.13666666666666666
0 0.850625 0.4775 0.079375 0.12333333333333334