2 0.5503333333333333 0.8633641975308641 0.1267407407407407 0.15759259259259276
2 0.6991574074074074 0.4053395061728395 0.1215185185185186 0.15234567901234566
2 0.8034305555555556 0.2621604938271605 0.11166666666666686 0.15518518518518515
2 0.3782037037037037 0.5267901234567901 0.12474999999999994 0.14086419753086413
2 0.24975000000000003 0.1897222222222222 0.12969444444444447 0.19598765432098764
3 0.6506388888888889 0.7112345679012346 0.11313888888888897 0.16024691358024692
3 0.7782407407407408 0.7307098765432098 0.13299074074074071 0.15790123456790128
3 0.6652546296296297 0.5367283950617283 0.10210185185185196 0.13641975308641974
3 0.3494537037037037 0.6404629629629629 0.12099999999999994 0.14067901234567898
3 0.5135231481481481 0.2182716049382716 0.12409259259259273 0.15413580246913577
0 0.2830416666666667 0.4649691358024692 0.11512037037037032 0.14870370370370362
0 0.41862499999999997 0.3609876543209876 0.12100925925925936 0.16895061728395064
0 0.38549999999999995 0.1381172839506173 0.10409259259259258 0.15314814814814814
0 0.829587962962963 0.4313271604938272 0.0946759259259261 0.13771604938271595