3 0.7875 0.2833333333333333 0.095 0.1225
3 0.71125 0.42 0.09375 0.12
3 0.394375 0.5025 0.09375 0.12333333333333334
3 0.376875 0.8383333333333334 0.095 0.1275
3 0.266875 0.6241666666666666 0.098125 0.12333333333333334
2 0.62625 0.12166666666666667 0.098125 0.13333333333333333
2 0.63 0.3625 0.09375 0.125
2 0.50125 0.40166666666666667 0.095625 0.12333333333333334
2 0.73875 0.6666666666666666 0.095625 0.1225
2 0.5225 0.7391666666666666 0.095625 0.125
0 0.595625 0.5341666666666667 0.09625 0.1275
0 0.454375 0.5858333333333333 0.09625 0.1225
0 0.53125 0.20166666666666666 0.0925 0.12666666666666668
0 0.40875 0.22833333333333333 0.09875 0.12833333333333333
0 0.348125 0.3883333333333333 0.096875 0.125