3 0.49875 0.325 0.101875 0.12416666666666666
3 0.72 0.26166666666666666 0.11625 0.18166666666666667
3 0.74375 0.575 0.124375 0.1225
3 0.515 0.8841666666666667 0.135 0.18166666666666667
3 0.31 0.7883333333333333 0.130625 0.15166666666666667
2 0.285625 0.25 0.10875 0.16416666666666666
2 0.310625 0.4716666666666667 0.13625 0.17583333333333334
2 0.25375 0.6308333333333334 0.096875 0.15833333333333333
2 0.5675 0.5625 0.123125 0.12
2 0.864375 0.36916666666666664 0.12875 0.22416666666666665
0 0.39375 0.215 0.1175 0.16416666666666666
0 0.62625 0.17583333333333334 0.11 0.20083333333333334
0 0.740625 0.795 0.140625 0.19333333333333333
0 0.579375 0.7466666666666667 0.103125 0.125
0 0.364375 0.6508333333333334 0.110625 0.14666666666666667