3 0.46102777777777776 0.8852283950617285 0.11227777777777788 0.13883950617283972
3 0.35930555555555554 0.3113641975308642 0.10308333333333337 0.11199999999999997
3 0.4853888888888889 0.3988827160493827 0.09830555555555548 0.12523456790123458
3 0.5264305555555555 0.1496111111111111 0.08566666666666663 0.11665432098765431
3 0.6960277777777779 0.1771358024691358 0.11188888888888869 0.11550617283950619
0 0.6719305555555556 0.6851604938271604 0.09050000000000011 0.10675308641975297
0 0.6261388888888889 0.6192345679012345 0.09274999999999992 0.09180246913580238
0 0.46984722222222225 0.5061111111111111 0.08930555555555557 0.11006172839506159
0 0.5559166666666667 0.36859876543209874 0.09077777777777783 0.12341975308641973
0 0.6056111111111111 0.23787037037037037 0.10319444444444442 0.11866666666666664
2 0.6675833333333333 0.4583333333333333 0.09050000000000011 0.10675308641975316
2 0.7250555555555556 0.2735740740740741 0.09050000000000011 0.10675308641975306
2 0.38177777777777777 0.5010370370370371 0.07555555555555557 0.10979012345679015
2 0.22795833333333335 0.5021666666666665 0.07919444444444444 0.10319753086419761
2 0.14872222222222223 0.49226543209876544 0.10072222222222223 0.12028395061728399