2 0.2119027777777778 0.21433333333333332 0.08819444444444442 0.12177777777777778
2 0.4046527777777778 0.29300000000000004 0.09208333333333328 0.1303333333333334
2 0.475625 0.5348703703703703 0.08424999999999998 0.109888888888889
2 0.5327777777777778 0.6232407407407408 0.09197222222222223 0.12366666666666674
2 0.34727777777777774 0.6792777777777778 0.10700000000000003 0.12622222222222224
3 0.28270833333333334 0.4462037037037037 0.09333333333333328 0.13040740740740736
3 0.5477777777777777 0.20944444444444446 0.08580555555555548 0.12829629629629632
3 0.9040416666666666 0.2642407407407407 0.08688888888888897 0.1183703703703704
3 0.5529444444444445 0.4443703703703704 0.09327777777777783 0.1270740740740742
3 0.7055277777777778 0.6655555555555556 0.07669444444444451 0.10611111111111124
0 0.6349305555555556 0.22096296296296297 0.09211111111111109 0.13199999999999998
0 0.79025 0.3060185185185185 0.08444444444444457 0.12155555555555556
0 0.6227222222222222 0.501962962962963 0.08688888888888883 0.11837037037037021
0 0.6440416666666667 0.6174814814814815 0.08427777777777777 0.11155555555555566
0 0.5363611111111112 0.7631666666666667 0.12463888888888888 0.13559259259259268