0 0.6408194444444445 0.34010493827160493 0.09785185185185184 0.13490123456790126
0 0.6514768518518518 0.47832098765432096 0.10038888888888892 0.1367407407407408
0 0.7560601851851851 0.5459753086419753 0.09800000000000011 0.14156790123456783
0 0.8447777777777777 0.513216049382716 0.10156481481481477 0.13349382716049377
0 0.5077222222222223 0.6288765432098766 0.10038888888888892 0.1367407407407408
3 0.8412222222222223 0.33623456790123457 0.09770370370370358 0.12823456790123458
3 0.627199074074074 0.2228950617283951 0.0964166666666668 0.12648148148148153
3 0.4140972222222223 0.43316049382716054 0.09777777777777771 0.13156790123456782
3 0.45245833333333335 0.5603086419753087 0.10038888888888892 0.1367407407407408
3 0.5451018518518519 0.8001913580246914 0.1004629629629629 0.14007407407407413
2 0.33688425925925924 0.14478395061728394 0.09781481481481479 0.13323456790123459
2 0.4324768518518519 0.22387654320987654 0.09781481481481479 0.13323456790123459
2 0.534337962962963 0.3017037037037037 0.09781481481481479 0.13323456790123459
2 0.2773055555555555 0.49503703703703705 0.10538888888888892 0.13708641975308639
2 0.3362685185185185 0.6498827160493827 0.10538888888888892 0.13708641975308639