0 0.3405972222222222 0.4165740740740741 0.1286944444444444 0.09993827160493822
0 0.6275 0.2501358024691358 0.12908333333333333 0.10993827160493823
0 0.5638981481481481 0.3886728395061728 0.10408333333333332 0.10895061728395072
0 0.4773703703703704 0.5855617283950617 0.09890740740740739 0.0721358024691358
0 0.7103703703703704 0.6623703703703704 0.10934259259259249 0.1158148148148147
3 0.4416851851851852 0.6500864197530865 0.09574074074074077 0.08698765432098753
3 0.48937037037037034 0.5184320987654322 0.1267962962962963 0.08322222222222232
3 0.2862546296296296 0.3009197530864197 0.11125925925925927 0.10091358024691355
3 0.5081759259259259 0.7269938271604938 0.11179629629629631 0.08262962962962964
3 0.6190231481481482 0.6612654320987654 0.09986111111111114 0.12875308641975305
2 0.6693796296296296 0.31605555555555553 0.11606481481481466 0.09611111111111105
2 0.7741018518518519 0.4078271604938271 0.10718518518518522 0.09243209876543214
2 0.2786805555555556 0.5117777777777778 0.15875925925925927 0.10279012345679008
2 0.4671851851851852 0.38067901234567897 0.08653703703703712 0.07497530864197528
2 0.593125 0.4741234567901235 0.11593518518518522 0.0927777777777779