2 0.3863101851851852 0.8617654320987655 0.16262037037037033 0.155679012345679
3 0.4706342592592593 0.7990185185185186 0.1573981481481482 0.15028395061728397
0 0.4201481481481481 0.7072222222222223 0.12665740740740744 0.13124691358024695
0 0.5626805555555555 0.7318641975308642 0.1498981481481482 0.1496913580246913
2 0.3891851851851852 0.6136234567901234 0.15423148148148144 0.1350864197530863
2 0.17941203703703704 0.4649197530864198 0.16769444444444445 0.15774074074074065
0 0.15814351851851854 0.29431481481481486 0.1487222222222222 0.15125925925925932
3 0.3957361111111111 0.4803395061728395 0.15224999999999994 0.14655555555555566
0 0.5874074074074075 0.556530864197531 0.14607407407407408 0.1477283950617285
3 0.5510185185185185 0.30277777777777776 0.14335185185185195 0.1425308641975309
2 0.6729999999999999 0.6628086419753086 0.16012037037037033 0.1554814814814815
2 0.869375 0.6331666666666667 0.1621759259259258 0.14567901234567898
0 0.7855000000000001 0.6716975308641975 0.15497222222222207 0.15175308641975296
3 0.9028379629629629 0.5011728395061729 0.16291666666666685 0.16234567901234565
3 0.7009583333333333 0.3865432098765432 0.15754629629629618 0.15361728395061733