3 0.814375 0.3625 0.105625 0.14
3 0.505625 0.5533333333333333 0.105 0.13916666666666666
3 0.384375 0.24583333333333332 0.103125 0.13916666666666666
3 0.2825 0.25333333333333335 0.10625 0.14
3 0.4275 0.715 0.10125 0.13583333333333333
2 0.64 0.13833333333333334 0.10375 0.13666666666666666
2 0.618125 0.34833333333333333 0.098125 0.1325
2 0.508125 0.3975 0.09875 0.13083333333333333
2 0.731875 0.755 0.10125 0.12833333333333333
2 0.32 0.7825 0.09875 0.1325
0 0.744375 0.5125 0.105625 0.13416666666666666
0 0.318125 0.4241666666666667 0.108125 0.135
0 0.266875 0.63 0.105625 0.13583333333333333
0 0.4575 0.8316666666666667 0.10125 0.13
0 0.611875 0.7083333333333334 0.103125 0.13166666666666665