0 0.30594907407407407 0.6125617283950617 0.10212962962962963 0.13771604938271595
0 0.3187731481481481 0.47222222222222227 0.10472222222222222 0.13962962962962971
0 0.2286111111111111 0.3644444444444444 0.1025 0.1443827160493827
0 0.13824074074074075 0.36222222222222217 0.10578703703703705 0.13641975308641974
0 0.48090277777777773 0.381820987654321 0.10472222222222229 0.13962962962962963
3 0.11222222222222221 0.5364506172839505 0.10175925925925924 0.13104938271604927
3 0.2993287037037037 0.7317283950617285 0.10041666666666664 0.12925925925925943
3 0.539212962962963 0.6104629629629631 0.10194444444444443 0.1343827160493826
3 0.5224768518518519 0.4705555555555556 0.10472222222222229 0.13962962962962971
3 0.47282407407407406 0.19919753086419756 0.10490740740740734 0.14296296296296296
2 0.565787037037037 0.9239506172839508 0.10203703703703709 0.13604938271604927
2 0.4867129629629629 0.808888888888889 0.10203703703703695 0.13604938271604927
2 0.40148148148148155 0.6915432098765432 0.10203703703703695 0.13604938271604947
2 0.680324074074074 0.6042901234567901 0.10972222222222229 0.14012345679012336
2 0.6485648148148148 0.4293827160493828 0.10972222222222229 0.14012345679012356