2 0.194375 0.25416666666666665 0.08125 0.10916666666666666
2 0.39 0.32666666666666666 0.08375 0.11583333333333333
2 0.469375 0.5658333333333333 0.078125 0.09833333333333333
2 0.53 0.6516666666666666 0.085625 0.11
2 0.34625 0.7141666666666666 0.099375 0.11166666666666666
3 0.27375 0.48333333333333334 0.085 0.11666666666666667
3 0.53 0.23833333333333334 0.078125 0.1175
3 0.888125 0.2808333333333333 0.080625 0.10583333333333333
3 0.54375 0.4725 0.084375 0.11416666666666667
3 0.704375 0.6883333333333334 0.070625 0.095
0 0.6175 0.24666666666666667 0.08375 0.12
0 0.77625 0.32666666666666666 0.076875 0.11083333333333334
0 0.615625 0.5275 0.079375 0.10583333333333333
0 0.640625 0.6425 0.078125 0.1
0 0.53875 0.7916666666666666 0.11625 0.11833333333333333