2 0.7950694444444446 0.35861111111111116 0.18752777777777793 0.2062345679012346
2 0.12491666666666668 0.692067901234568 0.15858333333333335 0.16018518518518515
2 0.20297222222222225 0.6078086419753087 0.11922222222222217 0.13802469135802464
2 0.40823611111111113 0.5637037037037037 0.13444444444444442 0.14617283950617282
2 0.3563611111111111 0.5962037037037037 0.13330555555555548 0.1493827160493828
0 0.24018055555555556 0.26283950617283947 0.12552777777777777 0.1403086419753087
0 0.6103611111111111 0.4632716049382716 0.1520555555555555 0.1512345679012344
0 0.6572777777777777 0.9210493827160493 0.18822222222222224 0.15790123456790145
0 0.46041666666666664 0.7854012345679012 0.14825000000000002 0.14919753086419746
0 0.27531944444444445 0.6007407407407408 0.12797222222222224 0.13888888888888876
3 0.4565694444444444 0.8820061728395061 0.17125 0.16641975308641993
3 0.6929444444444444 0.8075308641975308 0.18697222222222223 0.18956790123456793
3 0.5092777777777777 0.6740123456790124 0.16238888888888894 0.1622222222222221
3 0.5870555555555557 0.5604629629629629 0.17908333333333332 0.1771604938271605
3 0.35033333333333333 0.47604938271604946 0.14836111111111108 0.15253086419753079