2 0.515 0.15666666666666668 0.1425 0.1
3 0.44875 0.25 0.136875 0.09666666666666666
0 0.5175 0.3175 0.106875 0.09083333333333334
0 0.37625 0.35083333333333333 0.13 0.09916666666666667
2 0.568125 0.39416666666666667 0.138125 0.08166666666666667
2 0.800625 0.4525 0.148125 0.09916666666666667
0 0.859375 0.6066666666666667 0.1275 0.10166666666666667
3 0.59125 0.5241666666666667 0.133125 0.095
0 0.391875 0.5275 0.12625 0.09833333333333333
3 0.483125 0.755 0.12375 0.095
2 0.28625 0.46 0.139375 0.10166666666666667
2 0.10625 0.5666666666666667 0.14375 0.08916666666666667
0 0.1775 0.49666666666666665 0.135625 0.10083333333333333
3 0.1025 0.705 0.141875 0.10666666666666667
3 0.321875 0.7341666666666666 0.136875 0.1