3 0.64 0.15333333333333332 0.1175 0.12666666666666668
3 0.511875 0.12916666666666668 0.110625 0.17
3 0.543125 0.485 0.0825 0.09833333333333333
3 0.594375 0.5916666666666667 0.090625 0.11583333333333333
3 0.33125 0.6466666666666666 0.08375 0.11666666666666667
0 0.32125 0.4533333333333333 0.0975 0.14916666666666667
0 0.75125 0.14666666666666667 0.088125 0.1125
0 0.7225 0.31333333333333335 0.083125 0.10083333333333333
0 0.441875 0.6366666666666667 0.0875 0.12416666666666666
0 0.34625 0.7783333333333333 0.113125 0.13083333333333333
2 0.599375 0.3 0.104375 0.11916666666666667
2 0.715 0.4033333333333333 0.085 0.09666666666666666
2 0.74625 0.5108333333333334 0.095 0.12083333333333333
2 0.36625 0.5708333333333333 0.079375 0.1075
2 0.529375 0.7458333333333333 0.085625 0.135