2 0.6275416666666667 0.9060246913580248 0.10660185185185185 0.13243209876543194
2 0.5766990740740741 0.813783950617284 0.10187037037037044 0.20051851851851854
2 0.6719675925925926 0.5406172839506173 0.09422222222222217 0.19355555555555554
2 0.4206481481481481 0.3503703703703704 0.09451851851851842 0.20688888888888887
2 0.5126435185185185 0.08167283950617285 0.09778703703703712 0.1633456790123457
0 0.7362685185185185 0.6473395061728395 0.0878240740740739 0.18664197530864196
0 0.7354305555555556 0.3562839506172839 0.09102777777777789 0.21840740740740747
0 0.5712268518518518 0.39863580246913577 0.09499074074074074 0.1719382716049383
0 0.5448055555555555 0.5890123456790123 0.08282407407407405 0.18644444444444447
0 0.3426851851851852 0.33259876543209876 0.11367592592592586 0.22596296296296298
3 0.5117638888888889 0.7629691358024692 0.10569444444444442 0.20400000000000015
3 0.48282407407407407 0.502216049382716 0.11433333333333337 0.19934567901234573
3 0.6487916666666667 0.11699382716049385 0.10050925925925924 0.19546913580246913
3 0.4974953703703704 0.28978395061728396 0.0901018518518518 0.1767407407407407
3 0.27793055555555557 0.4869567901234567 0.09709259259259255 0.21032098765432086