3 0.34375 0.10833333333333334 0.1025 0.14083333333333334
3 0.261875 0.445 0.1075 0.13583333333333333
3 0.185625 0.5641666666666667 0.1075 0.13333333333333333
3 0.5125 0.6925 0.09875 0.13416666666666666
3 0.61875 0.6141666666666666 0.100625 0.13083333333333333
0 0.799375 0.315 0.098125 0.13333333333333333
0 0.685625 0.37916666666666665 0.098125 0.135
0 0.7225 0.7416666666666667 0.09875 0.13083333333333333
0 0.38375 0.575 0.104375 0.13416666666666666
0 0.560625 0.48333333333333334 0.1 0.13166666666666665
2 0.74 0.5933333333333334 0.1025 0.13083333333333333
2 0.529375 0.295 0.10125 0.13166666666666665
2 0.42125 0.2525 0.10375 0.1375
2 0.526875 0.8216666666666667 0.100625 0.12833333333333333
2 0.3175 0.6683333333333333 0.10625 0.13833333333333334