0 0.125625 0.5691666666666667 0.125625 0.175
0 0.38 0.42 0.115 0.1825
0 0.44 0.26166666666666666 0.088125 0.15833333333333333
0 0.691875 0.6383333333333333 0.120625 0.11583333333333333
0 0.7225 0.7825 0.108125 0.15
3 0.346875 0.24583333333333332 0.114375 0.1725
3 0.549375 0.18916666666666668 0.12125 0.175
3 0.725 0.23833333333333334 0.1175 0.15833333333333333
3 0.52625 0.64 0.14 0.15416666666666667
3 0.36125 0.815 0.138125 0.16333333333333333
2 0.604375 0.4033333333333333 0.123125 0.1475
2 0.72 0.3491666666666667 0.13375 0.14916666666666667
2 0.85625 0.45666666666666667 0.1075 0.14583333333333334
2 0.374375 0.645 0.1125 0.1475
2 0.491875 0.8141666666666667 0.105625 0.17416666666666666