3 0.23356018518518518 0.6776666666666668 0.10974999999999994 0.1411481481481481
3 0.2755740740740741 0.4757037037037037 0.10614814814814814 0.14425925925925923
3 0.40535185185185185 0.36079629629629634 0.10931481481481484 0.15940740740740741
3 0.4811574074074074 0.9272962962962962 0.11870370370370367 0.09014814814814827
3 0.6115 0.5472222222222223 0.12623148148148147 0.1753703703703703
0 0.256212962962963 0.8832777777777778 0.10025925925925926 0.1239629629629629
0 0.3545231481481481 0.648888888888889 0.12453703703703695 0.16529629629629616
0 0.37900000000000006 0.2243888888888889 0.10762037037037032 0.14933333333333337
0 0.45866666666666667 0.017814814814814815 0.10016666666666665 0.03562962962962963
0 0.48150000000000004 0.2183148148148148 0.10077777777777783 0.13562962962962966
2 0.2835925925925926 0.2391851851851852 0.09599999999999995 0.1403333333333333
2 0.47100462962962963 0.38433333333333336 0.09806481481481484 0.15874074074074068
2 0.6599027777777777 0.2576111111111111 0.12468518518518522 0.16862962962962968
2 0.8487222222222224 0.14668518518518517 0.10608333333333349 0.1708518518518518
2 0.7102222222222221 0.6261481481481481 0.11034259259259273 0.15448148148148144