2 0.4948703703703704 0.7694444444444445 0.07490740740740734 0.17266666666666672
2 0.48933796296296295 0.6029444444444444 0.07468518518518522 0.1676666666666667
2 0.2962638888888889 0.6289444444444444 0.06931481481481484 0.15888888888888877
2 0.27966203703703707 0.33944444444444444 0.061518518518518445 0.15155555555555555
2 0.5037916666666666 0.3958888888888889 0.07461111111111109 0.16599999999999995
3 0.31678703703703703 0.8806111111111111 0.06975925925925922 0.16888888888888876
3 0.38651851851851854 0.8527777777777779 0.0700555555555556 0.17555555555555563
3 0.40403703703703703 0.5746111111111111 0.06748148148148146 0.17366666666666675
3 0.6192222222222221 0.5978888888888889 0.08035185185185184 0.1831111111111111
3 0.6037638888888889 0.3201111111111111 0.07365740740740748 0.17255555555555552
0 0.4131759259259259 0.304 0.06711111111111108 0.1653333333333333
0 0.3283472222222222 0.3703333333333333 0.05821296296296296 0.16122222222222224
0 0.5701990740740741 0.43333333333333335 0.07681481481481484 0.1595555555555556
0 0.5049583333333333 0.25405555555555553 0.07196296296296296 0.1624444444444444
0 0.6624212962962963 0.15516666666666665 0.08262962962962973 0.17833333333333334