2 0.245 0.8125 0.16125 0.14
2 0.81 0.21416666666666667 0.138125 0.1025
2 0.75375 0.3275 0.1 0.09666666666666666
2 0.568125 0.455 0.115625 0.10083333333333333
2 0.610625 0.4025 0.11375 0.10333333333333333
0 0.791875 0.6725 0.10625 0.09583333333333334
0 0.3975 0.635 0.13375 0.09666666666666666
0 0.2525 0.20166666666666666 0.165 0.12083333333333333
0 0.47125 0.265 0.129375 0.09666666666666666
0 0.68625 0.3641666666666667 0.109375 0.0925
3 0.454375 0.17083333333333334 0.153125 0.1025
3 0.24625 0.3408333333333333 0.16375 0.1225
3 0.44875 0.39166666666666666 0.141875 0.10333333333333333
3 0.399375 0.5325 0.158125 0.1125
3 0.641875 0.515 0.129375 0.09916666666666667