3 0.4859027777777778 0.06219135802469136 0.13680555555555557 0.12438271604938272
3 0.5681481481481481 0.48 0.13828703703703696 0.17802469135802462
3 0.3186574074074074 0.5691975308641974 0.1368518518518519 0.17462962962962972
3 0.3048148148148148 0.7035802469135802 0.13837962962962963 0.1796913580246913
3 0.6729398148148148 0.6177160493827161 0.13416666666666657 0.17117283950617282
2 0.2869212962962963 0.21228395061728395 0.13560185185185183 0.1745679012345679
2 0.43775462962962963 0.2875617283950617 0.13013888888888886 0.1659876543209877
2 0.45386574074074076 0.4421913580246914 0.12888888888888886 0.1659259259259259
2 0.7598611111111111 0.23070987654320987 0.1278240740740739 0.16919753086419756
2 0.7028472222222223 0.7725 0.13148148148148153 0.16771604938271595
0 0.582962962962963 0.16006172839506172 0.13319444444444442 0.17611111111111113
0 0.4378472222222222 0.6953395061728395 0.13462962962962963 0.17950617283950615
0 0.5800925925925926 0.8078086419753087 0.1357870370370371 0.17790123456790108
0 0.7649768518518519 0.6048148148148148 0.1290740740740739 0.16925925925925941
0 0.7027777777777778 0.37641975308641973 0.13175925925925924 0.17271604938271612