0 0.5080138888888889 0.04416666666666667 0.13897222222222225 0.08833333333333333
0 0.41977777777777775 0.35083333333333333 0.15291666666666656 0.175
0 0.3075 0.45 0.13099999999999995 0.135
0 0.6139722222222223 0.7366666666666667 0.10413888888888892 0.17333333333333334
0 0.7248333333333332 0.76 0.1276666666666665 0.16
3 0.2864027777777778 0.3283333333333333 0.1453888888888889 0.17333333333333334
3 0.2643194444444445 0.6033333333333334 0.14802777777777776 0.18166666666666667
3 0.31866666666666665 0.83 0.1354166666666667 0.175
3 0.598875 0.5175 0.13463888888888875 0.20333333333333334
3 0.7128611111111112 0.2783333333333333 0.14211111111111108 0.20166666666666666
2 0.42979166666666674 0.65 0.1267500000000001 0.18
2 0.4008888888888889 0.8091666666666667 0.13075000000000003 0.195
2 0.49294444444444446 0.9483333333333334 0.11922222222222217 0.10333333333333333
2 0.5872361111111111 0.31583333333333335 0.1252777777777777 0.16666666666666666
2 0.725611111111111 0.4508333333333333 0.14391666666666653 0.16