0 0.4174490740740741 0.8353333333333334 0.14032407407407418 0.19544444444444442
0 0.6105231481481481 0.34327777777777774 0.146537037037037 0.19433333333333336
0 0.3635787037037037 0.5648333333333333 0.13756481481481486 0.18355555555555572
0 0.3253888888888889 0.7395555555555556 0.14017592592592593 0.18877777777777774
0 0.4548657407407407 0.10594444444444444 0.14271296296296299 0.19066666666666668
2 0.7688888888888888 0.3183888888888889 0.14010185185185178 0.1854444444444444
2 0.6578518518518518 0.4871111111111111 0.13877777777777767 0.18200000000000008
2 0.5039583333333334 0.4791666666666667 0.1350277777777778 0.18166666666666667
2 0.224837962962963 0.632888888888889 0.14525 0.1925555555555555
2 0.6419814814814815 0.08641666666666667 0.13892592592592592 0.17283333333333334
3 0.6686018518518518 0.7331666666666666 0.14025000000000007 0.1921111111111111
3 0.4943888888888888 0.6571666666666667 0.14153703703703713 0.19388888888888894
3 0.17258333333333334 0.48616666666666664 0.14653703703703705 0.19433333333333336
3 0.37810648148148146 0.3040555555555556 0.13888888888888887 0.18699999999999997
3 0.23312962962962963 0.28783333333333333 0.14146296296296298 0.19055555555555562