0 0.35875 0.3958333333333333 0.123125 0.09083333333333334
0 0.643125 0.23166666666666666 0.121875 0.09916666666666667
0 0.581875 0.36916666666666664 0.096875 0.10083333333333333
0 0.4975 0.5658333333333333 0.095 0.0625
0 0.73125 0.6441666666666667 0.101875 0.10666666666666667
3 0.463125 0.63 0.09 0.07916666666666666
3 0.50875 0.49833333333333335 0.123125 0.07416666666666667
3 0.303125 0.28 0.105 0.09166666666666666
3 0.53 0.7075 0.108125 0.07333333333333333
3 0.64 0.6425 0.091875 0.12083333333333333
2 0.68625 0.2975 0.109375 0.0875
2 0.791875 0.39 0.10125 0.0825
2 0.298125 0.49083333333333334 0.1525 0.08916666666666667
2 0.485 0.36083333333333334 0.0825 0.06833333333333333
2 0.611875 0.455 0.110625 0.08333333333333333