2 0.52125 0.4683333333333333 0.09125 0.13333333333333333
2 0.4775 0.6616666666666666 0.103125 0.15666666666666668
2 0.356875 0.725 0.10875 0.145
2 0.674375 0.37666666666666665 0.06875 0.14583333333333334
2 0.75125 0.5208333333333334 0.091875 0.17
0 0.53125 0.21 0.1025 0.13666666666666666
0 0.805 0.14833333333333334 0.091875 0.14
0 0.65875 0.2608333333333333 0.089375 0.11
0 0.429375 0.37166666666666665 0.0925 0.13666666666666666
0 0.409375 0.8366666666666667 0.08375 0.13833333333333334
3 0.339375 0.5691666666666667 0.09875 0.12833333333333333
3 0.618125 0.7308333333333333 0.12 0.15666666666666668
3 0.510625 0.8608333333333333 0.12625 0.14083333333333334
3 0.748125 0.315 0.095 0.14916666666666667
3 0.5975 0.31416666666666665 0.091875 0.13166666666666665