2 0.49040277777777774 0.8948703703703703 0.12851851851851848 0.16203703703703695
2 0.7116064814814814 0.4969074074074074 0.12215740740740727 0.1568518518518518
2 0.8350787037037037 0.3933148148148148 0.1134814814814814 0.15992592592592586
2 0.3855231481481482 0.4990740740740741 0.1256481481481481 0.14529629629629634
2 0.3214861111111111 0.12038888888888889 0.13187037037037044 0.20044444444444445
3 0.6122222222222223 0.7813333333333333 0.11484259259259261 0.16496296296296292
3 0.7300601851851851 0.846962962962963 0.13480555555555554 0.16388888888888875
3 0.6559074074074074 0.6143148148148148 0.1030370370370369 0.13962962962962971
3 0.33826388888888886 0.602074074074074 0.12189814814814809 0.14518518518518514
3 0.5673101851851852 0.24468518518518517 0.12465740740740743 0.15692592592592594
0 0.30583333333333335 0.4031666666666666 0.11579629629629629 0.15166666666666667
0 0.45253240740740736 0.35051851851851856 0.12252777777777765 0.1735185185185185
0 0.4595740740740741 0.11796296296296295 0.10590740740740742 0.15637037037037038
0 0.8305277777777778 0.57 0.09682407407407397 0.14111111111111105