3 0.3247083333333333 0.9223148148148148 0.12141666666666666 0.1553703703703703
3 0.51375 0.5391358024691358 0.12133333333333325 0.15728395061728406
3 0.3037916666666667 0.3399691358024691 0.12116666666666667 0.15395061728395054
3 0.32487499999999997 0.20651234567901233 0.12141666666666666 0.15895061728395057
3 0.64575 0.45543209876543206 0.11858333333333321 0.15216049382716051
2 0.1847916666666667 0.6649074074074074 0.11875 0.15549382716049384
2 0.3440833333333333 0.6619135802469136 0.11458333333333343 0.14697530864197536
2 0.3974166666666667 0.5225308641975309 0.11333333333333329 0.1469135802469136
2 0.629125 0.8631172839506174 0.11225000000000009 0.15018518518518514
2 0.7125833333333332 0.3217283950617284 0.1159166666666664 0.14870370370370373
0 0.44683333333333336 0.8499382716049383 0.11633333333333326 0.15703703703703714
0 0.4467916666666667 0.27435185185185185 0.11775000000000006 0.16043209876543207
0 0.6074166666666667 0.2321604938271605 0.1188333333333334 0.15716049382716052
0 0.7276250000000001 0.5095987654320987 0.11349999999999995 0.15024691358024692
0 0.6122916666666667 0.6985493827160495 0.1149166666666666 0.15364197530864204