2 0.3574027777777778 0.44518518518518513 0.14066666666666663 0.17400000000000015
2 0.5924444444444444 0.24444444444444446 0.1276111111111112 0.156962962962963
2 0.6465138888888888 0.3678333333333333 0.10908333333333331 0.16307407407407407
2 0.5367916666666667 0.7691481481481481 0.12022222222222226 0.16007407407407415
2 0.7811944444444444 0.43772222222222223 0.13197222222222224 0.17540740740740735
3 0.3091111111111111 0.26107407407407407 0.1290555555555555 0.20029629629629625
3 0.4952500000000001 0.345 0.13527777777777772 0.1621851851851852
3 0.6531666666666667 0.5623888888888888 0.1214722222222224 0.160111111111111
3 0.6505694444444444 0.6966111111111112 0.1303333333333333 0.16370370370370363
3 0.6114861111111111 0.9611203703703703 0.12544444444444453 0.07775925925925928
0 0.24198611111111112 0.6044259259259259 0.14288888888888893 0.16574074074074077
0 0.38854166666666673 0.7122037037037037 0.1376111111111112 0.15725925925925935
0 0.5357361111111111 0.5380555555555556 0.11086111111111109 0.1414814814814815
0 0.3683194444444445 0.8684259259259259 0.1199444444444444 0.1517407407407408
0 0.5980694444444444 0.8827407407407406 0.13302777777777777 0.13214814814814796