3 0.695375 0.654641975308642 0.11818518518518516 0.15128395061728403
3 0.5405231481481482 0.6505925925925926 0.1182592592592593 0.15461728395061736
3 0.48562037037037037 0.7915740740740741 0.11072222222222222 0.15243209876543196
3 0.4851481481481481 0.48950617283950615 0.12579629629629635 0.1568024691358024
3 0.7408750000000001 0.34327160493827164 0.11079629629629607 0.15576543209876548
0 0.8056157407407407 0.4484259259259259 0.10859259259259262 0.168925925925926
0 0.5630277777777778 0.23112962962962963 0.1282592592592593 0.1553086419753086
0 0.28792129629629626 0.3477345679012346 0.1157592592592593 0.15444444444444447
0 0.17266666666666666 0.13175308641975308 0.11421296296296297 0.1410246913580247
0 0.4005185185185185 0.7249506172839506 0.11840740740740742 0.16128395061728384
2 0.22610185185185183 0.5706111111111111 0.09348148148148148 0.16288888888888892
2 0.32169907407407405 0.5198086419753086 0.10674999999999997 0.14217283950617288
2 0.39710648148148153 0.3186728395061728 0.10300000000000012 0.14191358024691358
2 0.3123287037037037 0.6597777777777778 0.11913888888888892 0.13803703703703699
2 0.6891851851851852 0.23569135802469135 0.10351851851851848 0.16524691358024693