0 0.329375 0.1825 0.096875 0.13083333333333333
0 0.279375 0.5075 0.096875 0.1275
0 0.633125 0.39 0.08875 0.11833333333333333
0 0.65125 0.5675 0.0925 0.11833333333333333
0 0.855 0.43583333333333335 0.085625 0.1175
2 0.503125 0.775 0.09375 0.125
2 0.373125 0.7991666666666667 0.095 0.12333333333333334
2 0.350625 0.6716666666666666 0.09375 0.1225
2 0.398125 0.3541666666666667 0.09125 0.1225
2 0.774375 0.4583333333333333 0.088125 0.115
3 0.51625 0.13416666666666666 0.09125 0.11666666666666667
3 0.526875 0.4125 0.090625 0.11583333333333333
3 0.495625 0.5291666666666667 0.09125 0.11833333333333333
3 0.69125 0.7591666666666667 0.08875 0.1225
3 0.264375 0.6383333333333333 0.093125 0.12166666666666667