0 0.7164722222222221 0.1793827160493827 0.14903703703703683 0.18882716049382717
0 0.4997638888888889 0.5197222222222223 0.10204629629629636 0.15320987654320978
0 0.4275324074074074 0.23027777777777778 0.13083333333333344 0.1562962962962963
0 0.33101388888888894 0.5280555555555556 0.13105555555555554 0.1662962962962964
0 0.18139351851851854 0.6869444444444444 0.11840740740740742 0.15901234567901232
2 0.7391296296296297 0.3397530864197531 0.12612962962962967 0.1693827160493827
2 0.7353703703703703 0.6212962962962962 0.122712962962963 0.18419753086419746
2 0.5073240740740741 0.7133024691358024 0.14271296296296299 0.18518518518518515
2 0.25379166666666664 0.7441358024691359 0.12109259259259261 0.1674691358024692
2 0.21147685185185186 0.5131481481481482 0.12245370370370366 0.1725308641975308
4 0.6953148148148148 0.5133950617283951 0.1359814814814814 0.1632098765432098