0 0.248125 0.265 0.115625 0.16583333333333333
0 0.530625 0.47583333333333333 0.096875 0.10833333333333334
0 0.33 0.635 0.093125 0.15
0 0.563125 0.6966666666666667 0.10125 0.14666666666666667
0 0.7025 0.8591666666666666 0.09875 0.13083333333333333
2 0.361875 0.2 0.105625 0.13916666666666666
2 0.56875 0.1425 0.1175 0.12916666666666668
2 0.67125 0.42333333333333334 0.11375 0.15833333333333333
2 0.733125 0.7508333333333334 0.10375 0.13416666666666666
2 0.570625 0.8575 0.1075 0.13333333333333333
4 0.49625 0.21916666666666668 0.096875 0.155