2 0.435 0.14833333333333334 0.1125 0.15083333333333335
2 0.695 0.4116666666666667 0.100625 0.13583333333333333
2 0.64625 0.8666666666666667 0.115625 0.14666666666666667
2 0.328125 0.8816666666666667 0.124375 0.15333333333333332
2 0.409375 0.8008333333333333 0.114375 0.15333333333333332
0 0.534375 0.41583333333333333 0.10375 0.145
0 0.731875 0.7091666666666666 0.11375 0.14333333333333334
0 0.79875 0.5575 0.114375 0.13333333333333333
0 0.3025 0.4225 0.1075 0.12833333333333333
0 0.241875 0.6325 0.11125 0.15
3 0.3725 0.2841666666666667 0.13 0.14583333333333334
3 0.649375 0.19583333333333333 0.11875 0.1425
3 0.359375 0.5366666666666666 0.120625 0.12833333333333333
3 0.52125 0.5725 0.13 0.13583333333333333
3 0.5175 0.7516666666666667 0.101875 0.13