2 0.794050925925926 0.28490740740740744 0.11797222222222217 0.15844444444444444
2 0.40023611111111107 0.5158148148148148 0.1204907407407407 0.16018518518518515
2 0.28121296296296294 0.2134074074074074 0.12177777777777778 0.16355555555555554
2 0.2762777777777778 0.557 0.1269259259259259 0.17703703703703697
2 0.26227314814814817 0.7032962962962963 0.12935185185185183 0.17044444444444443
0 0.3226851851851852 0.9074074074074074 0.1186666666666666 0.1084814814814816
0 0.6097407407407408 0.6338148148148148 0.1254907407407407 0.1603333333333334
0 0.6438518518518518 0.44024074074074077 0.12429629629629631 0.16529629629629633
0 0.4595694444444445 0.34149999999999997 0.11672222222222217 0.15840740740740747
0 0.34130092592592587 0.056685185185185186 0.1226018518518518 0.11337037037037037
3 0.5429027777777777 0.3015185185185185 0.1204907407407407 0.16018518518518515
3 0.7434814814814814 0.40394444444444444 0.12045370370370392 0.1568518518518518
3 0.5940833333333333 0.8001666666666667 0.12562037037037044 0.17200000000000007
3 0.49456481481481473 0.6213888888888889 0.12313888888888896 0.1735925925925926
3 0.41400000000000003 0.7979999999999999 0.12937037037037044 0.17211111111111108