0 0.375625 0.15416666666666667 0.11375 0.15333333333333332
0 0.63375 0.5633333333333334 0.120625 0.15083333333333335
0 0.363125 0.44083333333333335 0.111875 0.14166666666666666
0 0.30125 0.2841666666666667 0.114375 0.14666666666666667
0 0.51875 0.8566666666666667 0.116875 0.1475
2 0.789375 0.5266666666666666 0.114375 0.14333333333333334
2 0.6575 0.4033333333333333 0.11375 0.14083333333333334
2 0.51125 0.4708333333333333 0.109375 0.14083333333333334
2 0.22 0.42833333333333334 0.11875 0.14833333333333334
2 0.7025 0.8116666666666666 0.11375 0.1475
3 0.631875 0.1575 0.11375 0.14916666666666667
3 0.475625 0.3 0.115625 0.15166666666666667
3 0.19125 0.5925 0.12 0.14916666666666667
3 0.415625 0.6916666666666667 0.11375 0.145
3 0.27875 0.7641666666666667 0.11625 0.1475