2 0.2185740740740741 0.5904691358024692 0.10415740740740745 0.12361728395061732
2 0.32511111111111113 0.34612345679012346 0.09548148148148144 0.12511111111111112
2 0.5081064814814815 0.6278271604938271 0.09790740740740744 0.12349382716049377
2 0.629074074074074 0.7784197530864199 0.09637037037037033 0.145111111111111
2 0.6257870370370371 0.6201604938271605 0.1019537037037037 0.13023456790123455
3 0.3955694444444444 0.6247716049382716 0.0959259259259258 0.13511111111111102
3 0.4431990740740741 0.34762345679012346 0.09562962962962956 0.12844444444444444
0 0.5505046296296296 0.8792777777777778 0.10239814814814821 0.14023456790123456
0 0.7765833333333333 0.47243827160493823 0.10960185185185196 0.13371604938271617
3 0.7715231481481482 0.17593209876543212 0.1254907407407407 0.15401234567901237
3 0.6110324074074075 0.24603086419753084 0.11732407407407408 0.13886419753086424
0 0.5406018518518518 0.38951234567901233 0.10555555555555557 0.12697530864197537
0 0.49790740740740735 0.2437962962962963 0.09857407407407408 0.13849382716049385
3 0.5562685185185186 0.5172098765432099 0.0851851851851852 0.11824691358024704
0 0.6496435185185185 0.4965740740740741 0.11563888888888868 0.15714814814814815