3 0.72125 0.19670370370370371 0.11598148148148141 0.1611111111111111
3 0.4598657407407407 0.6232283950617284 0.14013888888888887 0.18038271604938283
3 0.3380833333333333 0.7448086419753086 0.13874074074074072 0.17366666666666675
3 0.32379629629629636 0.4959876543209877 0.13263888888888886 0.18008641975308629
3 0.20688425925925927 0.3863395061728395 0.15944444444444442 0.2061234567901234
0 0.7677546296296296 0.4033827160493827 0.12620370370370382 0.17150617283950614
0 0.6091712962962963 0.07935802469135803 0.11068518518518516 0.14758024691358024
0 0.470162037037037 0.41096913580246913 0.11572222222222223 0.14944444444444438
0 0.4933796296296296 0.7520185185185185 0.1335925925925926 0.16680246913580238
2 0.30462962962962964 0.30908024691358027 0.13150000000000006 0.18503703703703706
2 0.6195972222222222 0.4359259259259259 0.12797222222222218 0.194888888888889
2 0.48138888888888887 0.1561358024691358 0.12851851851851848 0.16327160493827156
2 0.4531712962962963 0.050728395061728396 0.13634259259259265 0.10145679012345679
2 0.33144444444444443 0.16456172839506172 0.11822222222222223 0.14954320987654324
2 0.28659259259259257 0.6234012345679012 0.12870370370370365 0.17160493827160508