0 0.40805555555555556 0.8070555555555555 0.12091666666666669 0.1503333333333334
0 0.7050972222222223 0.5513333333333333 0.1236388888888888 0.1572222222222223
0 0.35641666666666666 0.3372222222222222 0.10472222222222229 0.1505555555555556
0 0.244 0.4195 0.1075555555555556 0.16077777777777782
0 0.6444166666666666 0.1471111111111111 0.10569444444444458 0.14233333333333334
2 0.5289166666666667 0.7331666666666666 0.10825000000000003 0.14422222222222217
2 0.4277222222222223 0.47877777777777775 0.11347222222222228 0.15133333333333326
2 0.5703055555555555 0.501 0.10019444444444446 0.12688888888888908
2 0.7425138888888889 0.28877777777777774 0.11183333333333337 0.13955555555555557
2 0.34326388888888887 0.1522777777777778 0.11847222222222228 0.15177777777777776
3 0.2880555555555555 0.6307777777777779 0.10755555555555553 0.16077777777777782
3 0.1832638888888889 0.5777777777777778 0.0956388888888889 0.13977777777777778
3 0.6247777777777778 0.325 0.10313888888888897 0.14044444444444443
3 0.5065277777777777 0.3205555555555556 0.09813888888888897 0.14
3 0.488625 0.12855555555555556 0.10836111111111109 0.14755555555555555