2 0.24689351851851848 0.7951296296296296 0.17219444444444443 0.16
2 0.8297824074074075 0.26775925925925925 0.14509259259259238 0.12088888888888884
2 0.7696898148148148 0.3742407407407407 0.10733333333333349 0.10811111111111113
2 0.5808842592592594 0.4785740740740741 0.1224444444444444 0.11355555555555555
2 0.6248101851851853 0.4315740740740741 0.12126851851851854 0.1168518518518518
0 0.797412037037037 0.7223333333333333 0.11362037037037026 0.10996296296296312
0 0.40451388888888884 0.6365740740740741 0.14115740740740734 0.1124444444444445
0 0.27273148148148146 0.18712962962962965 0.17428703703703705 0.14174074074074075
0 0.48958333333333326 0.2768333333333334 0.13740740740740734 0.1123333333333333
0 0.7016064814814814 0.40220370370370373 0.11729629629629641 0.1067407407407407
3 0.4755972222222222 0.18148148148148147 0.16009259259259268 0.12133333333333335
3 0.26205555555555554 0.32505555555555554 0.1730740740740741 0.1433703703703704
3 0.46298611111111115 0.40096296296296297 0.15009259259259267 0.12103703703703711
3 0.40975462962962966 0.5351296296296296 0.16535185185185186 0.13314814814814818
3 0.6523657407407407 0.5473148148148148 0.13748148148148145 0.11566666666666682