2 0.24820833333333334 0.1950493827160494 0.15269444444444447 0.19911111111111113
2 0.4109027777777778 0.608679012345679 0.1408888888888889 0.18200000000000008
2 0.2944583333333333 0.7601172839506173 0.13311111111111118 0.1733703703703704
2 0.1749861111111111 0.5893456790123457 0.13277777777777777 0.16337037037037022
3 0.7845833333333333 0.23125925925925928 0.12322222222222223 0.17630864197530863
3 0.6997361111111111 0.5424876543209877 0.13838888888888876 0.18190123456790122
3 0.6445138888888888 0.8849259259259259 0.1252222222222224 0.1614074074074074
3 0.41827777777777775 0.25600617283950616 0.1358888888888889 0.18180246913580247
3 0.30593055555555554 0.4535 0.13680555555555557 0.1718518518518518
2 0.5478611111111111 0.9368148148148149 0.13488888888888895 0.12637037037037013
0 0.5622083333333333 0.16239506172839507 0.13883333333333325 0.19523456790123456
0 0.6606527777777778 0.4007592592592593 0.14338888888888873 0.18209876543209874
0 0.5219305555555556 0.5070925925925925 0.13388888888888886 0.19670370370370374
0 0.5068194444444444 0.7351296296296297 0.13008333333333325 0.194888888888889
0 0.2954027777777778 0.9195308641975308 0.12744444444444447 0.15317283950617291