2 0.756875 0.3408333333333333 0.090625 0.11833333333333333
2 0.490625 0.2966666666666667 0.08875 0.1175
2 0.27625 0.26416666666666666 0.094375 0.12416666666666666
2 0.40375 0.8233333333333334 0.093125 0.12
2 0.55 0.7241666666666666 0.09 0.11833333333333333
0 0.63875 0.6316666666666667 0.089375 0.11583333333333333
0 0.638125 0.43666666666666665 0.08875 0.11916666666666667
0 0.6125 0.24416666666666667 0.090625 0.12333333333333334
0 0.52 0.5191666666666667 0.08875 0.11666666666666667
0 0.3875 0.6991666666666667 0.089375 0.11833333333333333
3 0.816875 0.7566666666666667 0.09 0.11583333333333333
3 0.80625 0.5525 0.091875 0.11666666666666667
3 0.8275 0.1375 0.0925 0.12166666666666667
3 0.41 0.41333333333333333 0.09625 0.12333333333333334
3 0.206875 0.5066666666666667 0.09875 0.11833333333333333