0 0.686875 0.14666666666666667 0.089375 0.14833333333333334
0 0.57 0.21916666666666668 0.101875 0.1425
0 0.38125 0.345 0.10875 0.14
0 0.62 0.7566666666666667 0.101875 0.1275
0 0.30625 0.6275 0.10625 0.12833333333333333
3 0.293125 0.735 0.101875 0.12833333333333333
3 0.393125 0.4658333333333333 0.095625 0.125
3 0.583125 0.37166666666666665 0.08 0.14
3 0.705625 0.5708333333333333 0.1075 0.13333333333333333
3 0.761875 0.5 0.09875 0.1375
2 0.693125 0.37833333333333335 0.093125 0.1375
2 0.601875 0.5458333333333333 0.100625 0.13916666666666666
2 0.475625 0.52 0.104375 0.13166666666666665
2 0.47125 0.745 0.091875 0.14333333333333334
2 0.48625 0.9066666666666666 0.100625 0.14916666666666667