0 0.329625 0.5968333333333333 0.12841666666666668 0.09700000000000007
0 0.608625 0.7458333333333333 0.1289166666666668 0.10700000000000008
0 0.5522916666666667 0.6118703703703704 0.10383333333333326 0.10459259259259246
0 0.4751666666666667 0.41944444444444445 0.09950000000000003 0.06785185185185184
0 0.7118333333333333 0.3292222222222222 0.10916666666666686 0.11140740740740739
3 0.44270833333333337 0.3571666666666667 0.09533333333333331 0.08437037037037044
3 0.4836666666666667 0.4865925925925925 0.1275833333333334 0.08033333333333341
3 0.2700416666666666 0.7150925925925926 0.11091666666666669 0.09648148148148153
3 0.5129166666666667 0.2760370370370371 0.1125 0.07822222222222223
3 0.6204166666666666 0.33525925925925926 0.09983333333333334 0.12444444444444439
2 0.6538333333333333 0.6779259259259259 0.11574999999999988 0.09329629629629646
2 0.7629583333333333 0.5798333333333333 0.10675000000000011 0.08803703703703718
2 0.2724166666666667 0.5053333333333333 0.15841666666666668 0.09788888888888891
2 0.4549166666666667 0.6247407407407407 0.08724999999999994 0.07248148148148137
2 0.585375 0.5243518518518518 0.11558333333333337 0.08996296296296312