3 0.39826388888888886 0.52 0.11208333333333342 0.15
3 0.39493055555555556 0.82 0.1598148148148148 0.17666666666666667
3 0.6308101851851852 0.8133333333333334 0.1175 0.18
3 0.8137962962962964 0.47333333333333333 0.16236111111111115 0.2
3 0.7031018518518519 0.21333333333333335 0.13930555555555543 0.19
2 0.30120370370370375 0.24666666666666667 0.14407407407407405 0.16333333333333333
2 0.4696527777777778 0.2525 0.15870370370370368 0.20166666666666666
2 0.5762962962962963 0.15833333333333333 0.13824074074074078 0.14833333333333334
2 0.5873148148148148 0.5816666666666667 0.11356481481481495 0.17666666666666667
2 0.49523148148148155 0.9491666666666667 0.18064814814814809 0.10166666666666667
0 0.29689814814814813 0.39416666666666667 0.14597222222222223 0.175
0 0.31363425925925925 0.7066666666666667 0.1719444444444445 0.17
0 0.7922222222222223 0.7825 0.17291666666666686 0.21
0 0.7250694444444445 0.575 0.1134259259259261 0.15166666666666667
0 0.6124305555555556 0.3025 0.13157407407407418 0.16333333333333333