2 0.445625 0.0875 0.086875 0.12833333333333333
2 0.62625 0.2525 0.089375 0.1175
2 0.411875 0.47 0.08875 0.12
2 0.296875 0.6175 0.104375 0.115
2 0.415625 0.6275 0.091875 0.12333333333333334
3 0.41625 0.32 0.0975 0.115
3 0.623125 0.41 0.091875 0.115
0 0.223125 0.5033333333333333 0.1 0.1225
0 0.523125 0.8433333333333334 0.095 0.13416666666666666
3 0.745 0.8641666666666666 0.110625 0.1525
3 0.695625 0.6433333333333333 0.09875 0.1425
0 0.59 0.5358333333333334 0.089375 0.13083333333333333
0 0.7 0.4925 0.100625 0.11833333333333333
3 0.49375 0.545 0.085 0.10416666666666667
0 0.5075 0.6716666666666666 0.113125 0.14