0 0.45625 0.24833333333333332 0.12125 0.0975
0 0.393125 0.3566666666666667 0.09875 0.15833333333333333
0 0.4175 0.6658333333333334 0.09125 0.125
0 0.396875 0.7983333333333333 0.1325 0.13666666666666666
0 0.625625 0.8366666666666667 0.096875 0.13333333333333333
2 0.513125 0.3575 0.0875 0.1425
2 0.56125 0.445 0.080625 0.115
2 0.598125 0.5916666666666667 0.093125 0.12083333333333333
2 0.66 0.735 0.09125 0.12
2 0.42875 0.5625 0.083125 0.115
3 0.319375 0.5241666666666667 0.11125 0.16416666666666666
3 0.733125 0.33666666666666667 0.125 0.10083333333333333
3 0.68125 0.44 0.08625 0.14666666666666667
3 0.541875 0.7525 0.080625 0.15416666666666667
3 0.556875 0.8883333333333333 0.096875 0.155