0 0.678125 0.22666666666666666 0.08375 0.10833333333333334
0 0.7325 0.5166666666666667 0.08625 0.10916666666666666
0 0.529375 0.6916666666666667 0.081875 0.1075
0 0.3925 0.5091666666666667 0.09 0.11166666666666666
0 0.431875 0.8025 0.085 0.11083333333333334
2 0.286875 0.87 0.0825 0.11166666666666666
2 0.4625 0.5958333333333333 0.085 0.11
2 0.62625 0.605 0.0875 0.11
2 0.739375 0.6733333333333333 0.085625 0.11
2 0.549375 0.10416666666666667 0.08375 0.1175
3 0.6425 0.37583333333333335 0.0875 0.10666666666666667
3 0.425625 0.3233333333333333 0.0775 0.10833333333333334
3 0.5375 0.43666666666666665 0.08 0.10916666666666666
3 0.270625 0.5675 0.081875 0.11083333333333334