35 0.7878118474557644 0.6909444444444445 0.099879107594241 0.05688888888888888
35 0.631574898340477 0.6416111111111111 0.10300032970656116 0.05866666666666674
34 0.361248488844928 0.6992222222222222 0.07286515001648529 0.05255555555555551
34 0.29025167600835255 0.6296666666666667 0.06959006484229041 0.04911111111111116
46 0.18765798439388942 0.5798333333333333 0.07332673920211011 0.057555555555555506
46 0.09852731069348279 0.4970555555555556 0.08611935377514014 0.06799999999999992
29 0.5140345092867349 0.5117777777777778 0.12535443455324752 0.04455555555555558
29 0.36542477195296186 0.5572222222222223 0.11302340916584236 0.03911111111111116
36 0.7460160457193098 0.4502222222222222 0.08315199472469507 0.06788888888888892
36 0.673008022859655 0.3379444444444445 0.09328497637102981 0.08155555555555556
35 0.35152214529069126 0.38527777777777783 0.08033849873612485 0.06944444444444438
35 0.24305967688757008 0.27 0.08704253214638974 0.07800000000000001