35 0.09409495548961425 0.39283124999999997 0.0805192878338279 0.043118749999999956
35 0.2676186943620178 0.41316875000000003 0.08002967359050445 0.045306250000000055
34 0.4943545994065282 0.31130625 0.05139836795252232 0.04433749999999994
34 0.5973850148367953 0.36543125000000004 0.046991839762611294 0.041924999999999955
46 0.7213464391691394 0.39614375000000007 0.04772626112759647 0.049737499999999955
46 0.8487240356083086 0.46038124999999996 0.05530415430267076 0.05863125000000006
29 0.4463946587537092 0.5168125 0.11208827893175076 0.024406249999999925
29 0.5637351632047477 0.44858750000000003 0.10449925816023739 0.021293750000000007
36 0.25868323442136504 0.6157125 0.05481454005934717 0.06000624999999995
36 0.3864280415430267 0.7101375 0.05579376854599409 0.07279374999999998
35 0.666776706231454 0.6096937499999999 0.05115356083086048 0.06199374999999994
35 0.8298850148367952 0.70114375 0.05188798219584582 0.07015625