35 0.05934718100890208 0.5501543209876544 0.09495548961424333 0.0549135802469137
35 0.23738872403560832 0.5564506172839506 0.09792284866468842 0.0566296296296296
34 0.4124629080118694 0.6885308641975308 0.06824925816023739 0.051135802469135946
34 0.5370919881305638 0.6522716049382715 0.06528189910979229 0.04775308641975319
46 0.6691394658753709 0.6419691358024691 0.06824925816023739 0.05613580246913595
46 0.8204747774480712 0.5994876543209877 0.08011869436201781 0.06633333333333326
29 0.45548961424332346 0.4842469135802469 0.12166172106824925 0.042024691358024786
29 0.5400593471810089 0.5681543209876543 0.10979228486646884 0.0368271604938271
36 0.314540059347181 0.3602345679012346 0.0771513353115727 0.06628395061728393
36 0.4792284866468843 0.28880864197530864 0.08605341246290801 0.07976543209876544
35 0.7091988130563798 0.4276358024691358 0.07418397626112759 0.06790123456790127
35 0.9065281899109793 0.36508641975308637 0.08011869436201781 0.07633333333333325