13 0.7478184415869876 0.6633827160493827 0.09383448730629751 0.02267901234567906
13 0.6442795911638641 0.711895061728395 0.09086712825585241 0.02259259259259257
40 0.7197384327948125 0.5836111111111111 0.07490933069568075 0.04207407407407421
40 0.6723705901747445 0.5032777777777778 0.08145950104407083 0.048913580246913474
15 0.39443894933509177 0.6181851851851852 0.08616331464996162 0.03575308641975312
15 0.23034399384547752 0.6358456790123457 0.09209803275085174 0.0359259259259259
36 0.46956808440487974 0.502358024691358 0.05521485877568972 0.05313580246913584
36 0.30238487745906145 0.4384814814814815 0.06488625123639963 0.06172839506172845
41 0.8557973403670734 0.3424012345679012 0.06238048137157901 0.06664197530864195
41 0.6857456863391581 0.2634814814814815 0.06611715573139905 0.07506172839506178
51 0.429640619848335 0.29425308641975306 0.07501923288273436 0.07532098765432105
51 0.2160237388724036 0.20824691358024694 0.08484448840531932 0.08558024691358024