13 0.33964762611275967 0.346975 0.0887982195845696 0.014650000000000035
13 0.45627596439169144 0.30135 0.08524851632047475 0.01484375
40 0.346313056379822 0.426975 0.06511869436201778 0.037318750000000026
40 0.37072700296735905 0.50735625 0.0695586053412462 0.042799999999999915
15 0.6811535608308605 0.40148125 0.07769287833827894 0.028075000000000044
15 0.8495808605341247 0.38926875000000005 0.08302299703264092 0.028581250000000013
36 0.5732603857566765 0.5139687500000001 0.04247403560830869 0.050224999999999985
36 0.7231824925816023 0.5828062500000001 0.04928412462908008 0.05739374999999995
41 0.14155415430267063 0.66134375 0.044844213649851625 0.06318750000000004
41 0.28873887240356083 0.74475625 0.04765949554896143 0.07173750000000002
51 0.5543212166172106 0.7218812499999999 0.05638353115727011 0.07037499999999985
51 0.7457603857566766 0.81373125 0.06185830860534107 0.08033749999999978