13 0.8111330915485218 0.44038888888888894 0.03604791735355535 0.05248148148148137
13 0.8869106495219256 0.5113333333333333 0.03593801516650174 0.05081481481481471
40 0.6685350038465766 0.43433333333333335 0.07077700846246839 0.04003703703703688
40 0.5237388724035609 0.43987037037037036 0.08583360808880096 0.043740740740740684
15 0.7018353665237939 0.6248518518518519 0.05934718100890208 0.04640740740740739
15 0.7185404989559292 0.7209444444444444 0.05956698538300913 0.049740740740740724
36 0.5059347181008902 0.5517407407407408 0.09374656555665463 0.028962962962962895
36 0.37910759424112545 0.6276111111111111 0.10594570831959553 0.03425925925925924
41 0.2563468513023409 0.2934259259259259 0.11770524233432252 0.03288888888888891
41 0.10418727332673922 0.367 0.13265193977360146 0.03492592592592587
51 0.1363336630398945 0.5175555555555555 0.13001428728431694 0.039851851851851736