28 0.09080118694362019 0.5147222222222223 0.1386086383119024 0.0567407407407408
28 0.2559512034289482 0.6113333333333333 0.13794922518958125 0.04007407407407413
4 0.2284536762281569 0.36975925925925923 0.08968018463567427 0.09381481481481482
4 0.4006264424662051 0.2888703703703704 0.08348170128585557 0.08699999999999998
32 0.6926475436861194 0.5504814814814815 0.05578635014836798 0.06133333333333326
32 0.7832509066930431 0.47079629629629627 0.05618199802176081 0.07133333333333326
25 0.5648532805802835 0.7085185185185184 0.12080448400923177 0.05629629629629638
25 0.5184965380811078 0.6064444444444445 0.10893504780745136 0.056000000000000036
1 0.6013847675568743 0.5344444444444445 0.09647213979558196 0.04070370370370369
1 0.500626442466205 0.4587037037037037 0.09957138147049123 0.04411111111111116
39 0.7310913287174415 0.3280740740740741 0.07378832838773494 0.06677777777777777
39 0.5911638641608968 0.3432222222222222 0.07721727662380487 0.07851851851851847