28 0.1636003956478734 0.5122839506172839 0.14247719529618638 0.05950617283950616
28 0.3377953621277064 0.6198456790123457 0.14368611935377512 0.04290123456790127
4 0.28986701835366524 0.3760493827160494 0.10183536652379391 0.09524691358024692
4 0.45572040883613585 0.3063271604938272 0.092229915375316 0.0883950617283951
32 0.7710847345862183 0.587283950617284 0.06271018793273984 0.061172839506172826
32 0.8550719859325199 0.5133641975308643 0.06673260797889859 0.0712345679012346
25 0.6566106165512694 0.7370679012345679 0.12449719749423004 0.05746913580246921
25 0.599626332564018 0.6319444444444444 0.11262776129244961 0.0572222222222221
1 0.678470161556215 0.5654012345679013 0.10214309264754368 0.042037037037036956
1 0.5705352236509507 0.4825 0.10546213869655999 0.04543209876543206
39 0.7908121771623255 0.3673456790123457 0.08121771623255289 0.06820987654320987
39 0.6523134410374767 0.3736111111111111 0.08838333882844268 0.08