28 0.44807492581602376 0.71765 0.0905007418397627 0.0738624999999998
28 0.27818991097922846 0.61685 0.059343471810089025 0.07546875
4 0.7077151335311572 0.6509874999999999 0.16171735905044501 0.042806249999999865
4 0.853486646884273 0.56039375 0.14910979228486648 0.04078125
32 0.38946587537091987 0.376075 0.10385385756676567 0.02631874999999989
32 0.5318991097922848 0.33067500000000005 0.12165801186943612 0.027181250000000053
25 0.10830489614243324 0.43605 0.09050074183976262 0.06293750000000008
25 0.2896847181008902 0.46959999999999996 0.08827522255192878 0.05746249999999994
1 0.4165393175074184 0.42835 0.06156899109792294 0.051693750000000024
1 0.5522959940652818 0.4906375 0.06751112759643908 0.052893750000000066
39 0.7856083086053413 0.37086875 0.1127559347181008 0.03673750000000003
39 0.7570437685459942 0.44855 0.13427670623145407 0.037937500000000075