51 0.35360833333333336 0.16780625000000002 0.057224999999999936 0.059775000000000016
51 0.4711666666666666 0.20648124999999998 0.05785000000000006 0.05706874999999997
5 0.7457333333333332 0.06316875 0.09557500000000017 0.03453125
5 0.6338166666666667 0.14645625000000004 0.08132499999999987 0.03133750000000002
7 0.9125749999999999 0.15368125 0.09389999999999973 0.03950625000000002
7 0.8081916666666668 0.24530000000000002 0.09473333333333332 0.024675000000000013
42 0.5283833333333333 0.18998125000000002 0.05072499999999991 0.06493749999999997
42 0.652675 0.2303625 0.06036666666666658 0.06711249999999998
44 0.8471833333333334 0.3637875 0.0972500000000001 0.05414375000000007
44 0.6857916666666668 0.3677125 0.08467499999999999 0.04628124999999993
49 0.6189333333333333 0.29165624999999995 0.08089999999999994 0.045075000000000025
49 0.483325 0.3267 0.07377499999999991 0.042849999999999965
3 0.3267583333333333 0.4357625 0.0750333333333333 0.040899999999999936
3 0.21609166666666668 0.48054375000000005 0.07168333333333332 0.03930000000000007
37 0.5216833333333333 0.3741625 0.08760833333333343 0.0308812500000001
37 0.44853333333333334 0.46703125 0.09641666666666664 0.03113750000000001
30 0.6147416666666667 0.456025 0.05574999999999995 0.06571250000000002
30 0.7402833333333333 0.5118125 0.05952499999999999 0.06724999999999985
13 0.9607833333333334 0.52674375 0.06455833333333304 0.06252499999999998
13 0.8081916666666668 0.4893437500000001 0.06120000000000017 0.05689375000000003
12 0.5403333333333333 0.54245625 0.03689166666666665 0.05623124999999997
12 0.6302499999999999 0.63171875 0.04485000000000001 0.0712624999999999
23 0.38775000000000004 0.54843125 0.05029999999999998 0.06188124999999995
23 0.485 0.61364375 0.04359166666666662 0.0571312500000001
8 0.4263166666666667 0.69551875 0.04359166666666675 0.06681874999999991
8 0.5279666666666666 0.7690625 0.0414999999999999 0.06300000000000011
20 0.9245166666666668 0.7260125 0.09683333333333319 0.033487499999999955
20 0.8096583333333334 0.7983 0.10186666666666674 0.027156249999999885
3 0.7000416666666666 0.59793125 0.0628750000000001 0.06342499999999991
3 0.836075 0.6543437500000001 0.06245833333333318 0.06621874999999988
19 0.5944083333333333 0.8457500000000001 0.08634999999999991 0.052900000000000016
19 0.6036333333333334 0.956875 0.07796666666666675 0.06377499999999979
13 0.76125 0.84370625 0.05449166666666669 0.06452499999999986
13 0.8413083333333333 0.9505874999999999 0.062041666666666766 0.07383124999999988
27 0.63675 0.6897249999999999 0.07544999999999998 0.06738124999999986
27 0.654775 0.8012999999999999 0.07461666666666664 0.076875