51 0.6375967078189301 0.1606604938271605 0.06243621399176946 0.06199999999999998
51 0.523687242798354 0.20296913580246914 0.06230452674897126 0.058666666666666645
5 0.23720987654320988 0.06869753086419754 0.09922633744855969 0.03720987654320988
5 0.355925925925926 0.14805555555555555 0.08576131687242802 0.03380246913580246
7 0.07870781893004115 0.16376543209876546 0.097201646090535 0.04219753086419757
7 0.1900082304526749 0.2523333333333333 0.09660905349794234 0.027197530864197576
42 0.4642057613168724 0.1882962962962963 0.05596707818930036 0.06696296296296296
42 0.3448065843621399 0.23230246913580246 0.06492181069958848 0.068679012345679
44 0.1625267489711934 0.37251234567901237 0.10223868312757203 0.057222222222222285
44 0.32360493827160497 0.370783950617284 0.0885761316872428 0.04881481481481482
49 0.3827654320987655 0.29293827160493824 0.08406584362139913 0.04712345679012344
49 0.5217942386831276 0.3238395061728395 0.07733333333333323 0.045419753086419705
3 0.6870534979423868 0.4279444444444444 0.07948971193415623 0.0437654320987654
3 0.8020329218106995 0.4689814814814815 0.0749794238683128 0.04207407407407421
37 0.4870370370370371 0.37237654320987656 0.09020576131687247 0.033827160493827176
37 0.5683703703703703 0.4619444444444444 0.09909465020576136 0.0338765432098766
30 0.4014732510288066 0.4570370370370371 0.060411522633744934 0.06698765432098772
30 0.28158847736625514 0.5168827160493827 0.06492181069958848 0.06867901234567891
13 0.06126748971193415 0.5381111111111111 0.06923456790123456 0.06537037037037029
13 0.21187654320987656 0.4964320987654321 0.06674897119341563 0.058691358024691456
12 0.48368724279835396 0.5407654320987655 0.04230452674897126 0.05855555555555554
12 0.4017530864197531 0.6329074074074074 0.049563786008230484 0.07359259259259261
23 0.6359753086419753 0.5415864197530864 0.05583539094650203 0.06362962962962948
23 0.5453086419753086 0.6096049382716049 0.0489711934156378 0.05859259259259261
8 0.6096460905349795 0.690932098765432 0.04936625514403305 0.06859259259259261
8 0.5148641975308641 0.7673086419753087 0.04701234567901237 0.06524691358024692
20 0.11576954732510288 0.7361851851851852 0.10144855967078188 0.03722222222222229
20 0.2363127572016461 0.805530864197531 0.10562962962962963 0.03058024691358014
3 0.3282798353909465 0.6016419753086419 0.06701234567901238 0.06535802469135812
3 0.19839506172839505 0.6615432098765432 0.0671440329218107 0.06869135802469145
19 0.4557366255144033 0.8459876543209877 0.09106172839506169 0.05549382716049384
19 0.4556707818930041 0.9568456790123457 0.08256790123456792 0.06544444444444442
13 0.2891358024691358 0.8485802469135802 0.0604115226337448 0.06698765432098754
13 0.21789300411522633 0.9581666666666666 0.06962962962962965 0.07537037037037028
27 0.3996131687242798 0.6912654320987653 0.08047736625514404 0.06876543209876558
27 0.391835390946502 0.8038333333333334 0.08309465020576125 0.07877777777777775