51 0.07111934156378602 0.32655555555555554 0.09545679012345677 0.05803703703703699
51 0.09034567901234566 0.42161111111111105 0.09101234567901233 0.05788888888888891
5 0.000641975308641977 0.5239999999999999 0.001283950617283954 0.06799999999999992
7 0.05019753086419753 0.6759444444444446 0.05925925925925927 0.07677777777777768
42 0.05391769547325104 0.4596666666666666 0.09963786008230452 0.054851851851851735
42 0.07274897119341564 0.5597222222222222 0.10460905349794239 0.06166666666666667
44 0.19376131687242798 0.7342037037037037 0.09547325102880658 0.08629629629629638
44 0.24082304526748974 0.6179629629629629 0.08344032921810696 0.07425925925925923
49 0.1603374485596708 0.5509444444444445 0.08095473251028806 0.07085185185185178
49 0.24209053497942387 0.4609259259259259 0.07611522633744856 0.0657037037037037
3 0.423843621399177 0.37424074074074076 0.0761152263374485 0.0657037037037037
3 0.5117283950617284 0.30531481481481476 0.07140740740740739 0.06222222222222228
37 0.2923950617283951 0.5010370370370371 0.06553086419753085 0.07200000000000008
37 0.4306502057613169 0.47138888888888897 0.06827983539094652 0.07874074074074087
30 0.3734567901234568 0.5889629629629629 0.09990123456790116 0.05818518518518507
30 0.4119588477366255 0.6938518518518518 0.10460905349794239 0.06166666666666667
13 0.3721893004115226 0.8587962962962964 0.10029629629629629 0.06318518518518507
13 0.36506995884773663 0.7374074074074074 0.09114403292181072 0.059555555555555584
12 0.5041316872427983 0.5565555555555555 0.0853827160493827 0.04274074074074065
12 0.5952592592592593 0.6439814814814815 0.10604115226337449 0.0517407407407408
23 0.5528888888888889 0.4470555555555556 0.09506172839506172 0.053037037037036994
23 0.6106172839506173 0.5342037037037037 0.08577777777777783 0.047740740740740646
8 0.7326584362139917 0.5123703703703704 0.09924279835390937 0.049851851851851925
8 0.7999917695473251 0.6048518518518519 0.09453497942386827 0.046370370370370326
20 0.6388477366255145 0.8818888888888888 0.07063374485596695 0.08048148148148168
20 0.7620905349794239 0.8166481481481482 0.06187654320987652 0.08185185185185181
3 0.5339259259259259 0.6870555555555555 0.10016460905349794 0.0615185185185184
3 0.5696131687242799 0.7993703703703704 0.10474074074074072 0.06333333333333334
19 0.8804773662551441 0.6718703703703703 0.0925925925925925 0.07788888888888891
13 0.8319753086419753 0.7922407407407407 0.09990123456790116 0.05818518518518507
27 0.6683209876543209 0.6639629629629629 0.10775308641975294 0.07340740740740746
27 0.8077119341563785 0.7045370370370371 0.12121810699588473 0.07551851851851855