48 0.18333333333333332 0.1025 0.26666666666666666 0.07 0.22666666666666666 0.05 0.15166666666666667 0.0775 0.18333333333333332 0.1025
48 0.14333333333333334 0.22125 0.22666666666666666 0.18625 0.19666666666666666 0.16625 0.12333333333333334 0.195 0.14333333333333334 0.22125
46 0.145 0.3125 0.19666666666666666 0.24875 0.15166666666666667 0.23375 0.10333333333333333 0.29125 0.145 0.3125
46 0.20666666666666667 0.43125 0.25166666666666665 0.3675 0.2 0.3525 0.155 0.4125 0.20666666666666667 0.43125
35 0.31166666666666665 0.2775 0.3383333333333333 0.25875 0.27166666666666667 0.1975 0.23833333333333334 0.2175 0.31166666666666665 0.2775
35 0.46166666666666667 0.29 0.49833333333333335 0.2725 0.425 0.2125 0.39666666666666667 0.2325 0.46166666666666667 0.29
40 0.45666666666666667 0.04875 0.5283333333333333 0.02375 0.49666666666666665 0 0.43 0.02125 0.45666666666666667 0.04875
40 0.41333333333333333 0.15625 0.48833333333333334 0.1275 0.465 0.1075 0.3933333333333333 0.13 0.41333333333333333 0.15625
29 0.42333333333333334 0.4425 0.37 0.39 0.34 0.40875 0.39666666666666667 0.46375 0.42333333333333334 0.4425
29 0.54 0.4875 0.5683333333333334 0.47 0.5166666666666667 0.4125 0.4866666666666667 0.42875 0.54 0.4875
35 0.5566666666666666 0.40125 0.5816666666666667 0.38625 0.5383333333333333 0.3225 0.505 0.33875 0.5566666666666666 0.40125
35 0.6783333333333333 0.42625 0.7133333333333334 0.4125 0.6683333333333333 0.3575 0.6416666666666667 0.3675 0.6783333333333333 0.42625
12 0.7033333333333334 0.53875 0.7133333333333334 0.51125 0.6583333333333333 0.47875 0.6416666666666667 0.51 0.7033333333333334 0.53875
12 0.76 0.48875 0.8283333333333334 0.5325 0.85 0.50125 0.7883333333333333 0.46375 0.7833333333333333 0.47 0.76 0.48875
34 0.38333333333333336 0.62875 0.35333333333333333 0.56 0.325 0.5825 0.3433333333333333 0.64375 0.38333333333333336 0.62875
34 0.5116666666666667 0.68125 0.48333333333333334 0.6175 0.45 0.63375 0.47833333333333333 0.6925 0.5116666666666667 0.68125
14 0.10833333333333334 0.75875 0.13166666666666665 0.72875 0.043333333333333335 0.70125 0.013333333333333334 0.72875 0.10833333333333334 0.75875
14 0.27166666666666667 0.725 0.29333333333333333 0.6975 0.20166666666666666 0.66 0.18166666666666667 0.69 0.27166666666666667 0.725
10 0.4191666666666667 0.7625 0.09166666666666666 0.035
10 0.33 0.8625 0.13 0.0425
22 0.5133333333333333 0.715 0.03666666666666667 0.0675
22 0.6058333333333333 0.795625 0.045 0.06875
36 0.13524166666666668 0.561675 0.09466666666666665 0.02890625
36 0.24884166666666668 0.476475 0.08925833333333337 0.03499375000000005