48 0.8871811044444444 0.20330795166666665 0.8415068266666667 0.15418238833333334 0.8087169644444445 0.17357514500000001 0.8637113977777777 0.22898999833333333 0.8871811044444444 0.20330795166666665
46 0.7929807244444445 0.181930225 0.7117109933333333 0.15633121833333333 0.68777804 0.19085282166666664 0.7776846155555556 0.2178155516666667 0.7929807244444445 0.181930225
46 0.6403261400000001 0.23852274166666665 0.5560799888888889 0.21582614333333333 0.5364900755555556 0.25729647333333333 0.62571334 0.27933363499999997 0.6403261400000001 0.23852274166666665
35 0.8533924 0.26421589 0.8234312466666667 0.243105045 0.7513138466666667 0.30783727 0.7789326533333334 0.32424236 0.8533924 0.26421589
35 0.8492000777777778 0.38014168833333334 0.8197514066666667 0.36272502 0.7500979466666667 0.4208606616666667 0.77708268 0.44487391333333337 0.8492000777777778 0.38014168833333334
40 0.9637193466666666 0.35312502833333337 0.9554508444444444 0.3422376416666667 0.9226609822222223 0.3616304 0.9685060888888889 0.4119873566666667 0.9715252155555556 0.40939279666666667 0.9637193466666666 0.35312502833333337
29 0.5800189533333333 0.351851205 0.5128294288888889 0.40339026333333333 0.5437663111111111 0.4193557266666667 0.6079794155555556 0.37071907666666665 0.5800189533333333 0.351851205
29 0.5931495577777778 0.4830381816666666 0.5685071711111112 0.4637306866666666 0.4959988777777778 0.513466395 0.5221294755555556 0.5313226866666667 0.5931495577777778 0.4830381816666666
35 0.7148210288888889 0.4832198033333333 0.6898369888888889 0.46144952333333333 0.6121807555555555 0.5106132783333334 0.6346516222222223 0.52644641 0.7148210288888889 0.4832198033333333
35 0.68169252 0.58542311 0.6656869777777779 0.5674793366666666 0.5914704088888888 0.6049011283333333 0.6133072022222222 0.6283424249999999 0.68169252 0.58542311
12 0.5197408955555556 0.599356535 0.47655667999999995 0.5925379183333334 0.4447194288888889 0.6431550966666667 0.4822432222222222 0.6457075816666666 0.5197408955555556 0.599356535
12 0.5441662244444444 0.6901722416666667 0.5168890733333333 0.6762299366666666 0.46582668 0.7344104283333334 0.50952338 0.74492322 0.5529738933333334 0.6927673566666667 0.5441662244444444 0.6901722416666667
34 0.34787526444444444 0.37132256333333336 0.26846151777777777 0.39563866666666664 0.29246983111111113 0.4225543266666667 0.3806420111111111 0.38829960666666663 0.34787526444444444 0.37132256333333336
34 0.2926667822222222 0.47268925166666664 0.21759607555555555 0.5039540816666667 0.23594396444444446 0.5266036116666667 0.31765082222222224 0.4944595316666667 0.2926667822222222 0.47268925166666664
14 0.1613968311111111 0.184099485 0.12182310666666667 0.16677029833333334 0.0917433688888889 0.24223512666666663 0.13395186 0.25419912333333333 0.1613968311111111 0.184099485
14 0.2323736911111111 0.29382791333333336 0.19050685333333334 0.2843267033333333 0.15327848666666666 0.356976605 0.1919980711111111 0.3681488316666667 0.2323736911111111 0.29382791333333336
10 0.11868312757201648 0.47271604938271605 0.06362139917695474 0.075
10 0.007489711934156379 0.4212037037037037 0.014979423868312757 0.1009259259259259
22 0.19111111111111112 0.5339506172839507 0.09506172839506172 0.03759259259259257
22 0.09386831275720163 0.6157098765432099 0.0976954732510288 0.045987654320987684
36 0.3560493827160494 0.22728395061728396 0.05481481481481473 0.07641975308641974
36 0.4802469135802469 0.2962345679012346 0.061316872427983574 0.07327160493827156