48 0.6988390066666667 1 0.7522669933333334 0.9917042183333332 0.7273518466666666 0.9615111500000001 0.6373869377777778 0.9772890733333333 0.6663631466666666 1 0.6988390066666667 1
48 0.7300731555555555 0.8972294733333332 0.8092795111111111 0.8831995666666668 0.7961402822222222 0.8539949816666667 0.7055547888888889 0.8721951716666666 0.7300731555555555 0.8972294733333332
46 0.7910534666666666 0.8403124866666667 0.8528273355555556 0.7937130333333333 0.8171536355555555 0.7652679800000001 0.7505524155555555 0.81729464 0.7910534666666666 0.8403124866666667
46 0.77303074 0.7161420683333334 0.8321493 0.6664918833333333 0.7860273377777778 0.6385837099999999 0.7259779022222222 0.6918672966666667 0.77303074 0.7161420683333334
35 0.6641228622222222 0.8528107266666667 0.7018464577777779 0.8397172066666667 0.6446708222222223 0.7677566116666668 0.6138093022222222 0.7808959216666667 0.6641228622222222 0.8528107266666667
35 0.517155291111111 0.8093678550000001 0.5499650488888889 0.7953316433333333 0.50035856 0.7273644699999999 0.4599796555555556 0.7374072583333333 0.517155291111111 0.8093678550000001
40 0.4094095022222222 1 0.46476680666666664 0.9937286399999999 0.4453860844444444 0.9620559966666667 0.3687485511111111 0.972766735 0.3924519733333333 1 0.4094095022222222 1
40 0.45178006666666665 0.90356155 0.5277970133333333 0.8952730816666667 0.5146577844444444 0.8660684966666667 0.43381348444444445 0.8797841716666667 0.45178006666666665 0.90356155
29 0.6494063711111111 0.6352456283333333 0.6073690311111111 0.57127188 0.5758869288888888 0.5868334566666666 0.6152689577777778 0.647756475 0.6494063711111111 0.6352456283333333
29 0.47671492444444447 0.598303725 0.5102317533333334 0.5882151449999999 0.47240118444444446 0.5212364583333333 0.4402120088888889 0.5328504016666666 0.47671492444444447 0.598303725
35 0.43308061333333336 0.6814203583333334 0.46987333333333337 0.67196024 0.4346115844444444 0.6016623816666666 0.4063188866666667 0.61148252 0.43308061333333336 0.6814203583333334
35 0.31400896 0.62299858 0.34269843777777775 0.6183372066666667 0.3212473311111111 0.5545008316666666 0.2834372466666667 0.56122445 0.31400896 0.62299858
12 0.3539349422222222 0.5074039833333334 0.3780717022222222 0.48026794833333336 0.32460439555555554 0.4407853183333333 0.30795029777777777 0.465544875 0.3539349422222222 0.5074039833333334
12 0.22891691777777778 0.49231458333333333 0.2565025444444445 0.4785468116666667 0.20020695333333335 0.42327365 0.17115635555555556 0.4494669916666667 0.22245162 0.49742756000000005 0.22891691777777778 0.49231458333333333
34 0.7072784488888889 0.4697261016666667 0.7044653355555556 0.4069240016666667 0.66143112 0.41391606166666667 0.6738481088888889 0.48618458333333336 0.7072784488888889 0.4697261016666667
34 0.5971544288888889 0.39650227833333335 0.5838930533333333 0.33423705833333334 0.5483414999999999 0.33885264000000004 0.5603617066666666 0.40596239666666667 0.5971544288888889 0.39650227833333335
14 1 0.359511325 0.963962628888889 0.3398062783333333 0.9335843755555556 0.36447425666666666 1 0.4004279016666667 1 0.359511325
14 0.8477245777777778 0.41788891 0.8748269377777778 0.39259247 0.7950659999999999 0.34171224 0.7669462755555556 0.3642721816666667 0.8477245777777778 0.41788891
10 0.6598024691358025 0.27757407407407403 0.09920987654320976 0.05159259259259253
10 0.771753086419753 0.19722222222222222 0.1396049382716049 0.06625925925925927
22 0.5551851851851852 0.30572222222222223 0.05540740740740742 0.07177777777777777
22 0.484641975308642 0.2101296296296296 0.06439506172839503 0.0754074074074074
36 0.8880493827160494 0.5257777777777778 0.10350617283950618 0.0467407407407408
36 0.755530864197531 0.5862962962962963 0.09698765432098753 0.05151851851851859