4 0.16666666666666666 0.17375 0.19166666666666668 0.135 0.09333333333333334 0.09625 0.06166666666666667 0.14 0.16666666666666666 0.17375
4 0.25833333333333336 0.11625 0.3416666666666667 0.1475 0.36833333333333335 0.10875 0.2733333333333333 0.07625 0.26166666666666666 0.09 0.25833333333333336 0.11625
23 0.5883333333333334 0.40625 0.6166666666666667 0.3875 0.5616666666666666 0.32 0.525 0.3375 0.5233333333333333 0.34 0.5883333333333334 0.40625
23 0.735 0.435 0.765 0.415 0.7033333333333334 0.3575 0.6833333333333333 0.3775 0.735 0.435
9 0.20833333333333334 0.40875 0.26666666666666666 0.35 0.22666666666666666 0.32875 0.16 0.39375 0.20833333333333334 0.40875
9 0.225 0.54625 0.295 0.485 0.24 0.45125 0.17333333333333334 0.5275 0.225 0.54625
37 0.33666666666666667 0.78625 0.41333333333333333 0.7525 0.38 0.71875 0.295 0.7575 0.33666666666666667 0.78625
37 0.26666666666666666 0.9125 0.365 0.86875 0.325 0.83875 0.23666666666666666 0.8775 0.26666666666666666 0.9125
0 0.615 0.88625 0.655 0.855 0.5916666666666667 0.8 0.545 0.83625 0.615 0.88625
0 0.7716666666666666 0.89 0.8 0.85125 0.73 0.81625 0.7183333333333334 0.835 0.7716666666666666 0.89
2 0.18833333333333332 0.7375 0.205 0.69875 0.10333333333333333 0.67875 0.08 0.72 0.18833333333333332 0.7375
2 0.35 0.66875 0.3616666666666667 0.6325 0.25166666666666665 0.61125 0.245 0.645 0.35 0.66875
48 0.3908333333333333 0.055625 0.051666666666666666 0.07875
48 0.5208333333333334 0.154375 0.04833333333333333 0.07875
29 0.3258333333333333 0.326875 0.105 0.02875
29 0.4608333333333333 0.245625 0.10166666666666667 0.03625
39 0.595 0.663125 0.08666666666666667 0.03125
39 0.47833333333333333 0.750625 0.1 0.03375
8 0.8433333333333334 0.3325 0.89 0.295 0.855 0.26625 0.8033333333333333 0.3125 0.8433333333333334 0.3325
8 0.8516666666666667 0.455 0.9033333333333333 0.39875 0.8566666666666667 0.37625 0.8066666666666666 0.42875 0.8516666666666667 0.455
2 0.38916666666666666 0.438125 0.04833333333333333 0.08125
2 0.49916666666666665 0.53 0.03833333333333333 0.0775