4 0.8504996866666666 0.06917525000000001 0.81321822 0.030801485 0.7202423777777778 0.08308478999999999 0.7502247577777778 0.11751416166666667 0.8504996866666666 0.06917525000000001
4 0.5406863711111111 0.08288461666666666 0.5723303466666666 0.11707271666666666 0.6513308555555556 0.07432504666666667 0.6445809933333333 0.049032855 0.6311548911111111 0.037220691666666667 0.5406863711111111 0.08288461666666666
23 0.37551756888888893 0.318297075 0.3294962822222222 0.39253684 0.36019106 0.4068457833333333 0.4163451066666667 0.33238576666666664 0.41435716 0.33017230166666667 0.37551756888888893 0.318297075
23 0.26172698222222224 0.39236867166666667 0.23917701555555554 0.375626015 0.18520394222222222 0.441011915 0.2177234911111111 0.456306955 0.26172698222222224 0.39236867166666667
9 0.7855898822222223 0.3325658666666667 0.7106409 0.27839350333333335 0.6735365266666666 0.3050492266666667 0.7393616511111111 0.35429109666666664 0.7855898822222223 0.3325658666666667
9 0.7897567911111111 0.46582440833333333 0.7133392355555556 0.4006057316666667 0.6629122288888889 0.44170655999999997 0.7406948866666667 0.49171428 0.7897567911111111 0.46582440833333333
37 0.6984843022222221 0.7092728016666666 0.6086844133333333 0.6835291316666666 0.5798581777777777 0.7214934566666666 0.66069738 0.7435340033333333 0.6984843022222221 0.7092728016666666
37 0.7723049822222222 0.8186557099999999 0.6791818977777777 0.7933945766666667 0.6432197488888889 0.8286418766666667 0.7469651177777777 0.857364865 0.7723049822222222 0.8186557099999999
0 0.4595246711111111 0.8227874016666666 0.40826787777777773 0.7939492699999999 0.35230685333333334 0.8571217016666666 0.3962645622222222 0.8820154383333333 0.4595246711111111 0.8227874016666666
0 0.2865553511111111 0.84665205 0.2724765488888889 0.8299304150000001 0.20725834444444444 0.8744300349999999 0.24056391333333332 0.9083768666666666 0.2865553511111111 0.84665205
2 0.9079351488888888 0.6413280083333334 0.8792880177777778 0.6042026333333332 0.7805413622222221 0.6385579533333333 0.8022157511111112 0.6741936716666667 0.9079351488888888 0.6413280083333334
2 0.7336465111111111 0.5915715933333333 0.7225944066666666 0.5593977316666667 0.6157029355555556 0.59618677 0.6320661844444444 0.6300915583333333 0.7336465111111111 0.5915715933333333
48 0.5106255144032922 0.0383179012345679 0.0732510288065843 0.0766358024691358
48 0.3939588477366255 0.14953703703703705 0.07102880658436207 0.08512345679012347
29 0.6123045267489713 0.29064814814814816 0.11204938271604938 0.04302469135802473
29 0.4662633744855967 0.23067901234567897 0.11270781893004116 0.051358024691357966
39 0.3868641975308642 0.6602777777777777 0.09440329218107005 0.04419753086419746
39 0.5144691358024691 0.7290740740740741 0.11022222222222228 0.04796296296296305
8 0.13360687555555556 0.3459169266666666 0.07605989111111111 0.30798365833333335 0.04491935777777778 0.3412797833333333 0.09633933111111112 0.37134528333333333 0.13360687555555556 0.3459169266666666
8 0.14545892444444444 0.46054469833333334 0.08875766 0.41623332 0.04517007333333334 0.44508149 0.10402245777777777 0.4928337016666667 0.14545892444444444 0.46054469833333334
2 0.5630205761316872 0.4092592592592592 0.07129218106995874 0.08845679012345689
2 0.46596707818930044 0.5150617283950618 0.059654320987654295 0.08148148148148153