4 0.05098005333333333 0.725067605 0.04360482888888889 0.7358314749999999 0.04842349555555555 0.8171464966666666 0.061158962222222224 0.82276215 0.10335356 0.7459138766666666 0.05098005333333333 0.725067605
23 0.2878159311111111 0.457868745 0.3121532688888889 0.48630024666666666 0.3155336577777778 0.48768545666666663 0.4021680111111111 0.442583945 0.37638784444444445 0.42032934666666666 0.2878159311111111 0.457868745
23 0.4365674 0.33423821 0.40907455333333337 0.3106665066666667 0.3340241866666666 0.35374674666666667 0.3612471822222222 0.3698244433333333 0.4365674 0.33423821
9 0.4157578244444445 0.7274925283333333 0.3358015222222222 0.6805765466666667 0.3085299355555556 0.7093948066666667 0.3970496444444444 0.7628963183333334 0.4157578244444445 0.7274925283333333
9 0.5987556844444445 0.722494035 0.5151491422222222 0.6666988333333334 0.47160528 0.7060770583333333 0.57513434 0.760191515 0.5987556844444445 0.722494035
37 0.9159418044444444 0.6518870366666667 0.8688448844444444 0.592594135 0.8247163422222221 0.6157353383333333 0.8787089622222223 0.68154567 0.9159418044444444 0.6518870366666667
0 1 0.41775835333333333 0.9990753022222222 0.41707348666666666 0.9274053222222223 0.46153894 0.9770280977777778 0.4984860233333333 1 0.48086037000000004 1 0.41775835333333333
0 1 0.31258476333333335 0.9901593222222221 0.30820603 0.9453525333333334 0.3587571666666667 0.9706829466666667 0.36852174833333334 1 0.35345507833333334 1 0.31258476333333335
2 0.8549041022222222 0.7603920983333333 0.8027554733333333 0.745790835 0.7788156866666667 0.8208902583333333 0.8344796266666666 0.8406237383333333 0.8549041022222222 0.7603920983333333
2 0.7588176755555556 0.6354931783333333 0.7101393844444445 0.6247751283333333 0.6847567688888888 0.706051455 0.7299647222222222 0.7128862899999999 0.7588176755555556 0.6354931783333333
48 0.07385185185185185 0.4787654320987654 0.09338271604938272 0.04086419753086413
29 0.30274074074074075 0.6348765432098765 0.04464197530864188 0.07944444444444439
29 0.19111111111111112 0.5294444444444445 0.055654320987654333 0.07808641975308642
39 0.7444197530864197 0.45080246913580246 0.04829629629629633 0.06623456790123461
39 0.8653086419753087 0.5440123456790124 0.051111111111111114 0.07629629629629638
8 0.29689213555555555 0.247468515 0.2456016577777778 0.21045332666666666 0.20818891333333334 0.23511595166666666 0.27128826 0.27635487833333333 0.29689213555555555 0.247468515
8 0.4601024088888889 0.24789777166666668 0.3836614177777778 0.20611400833333335 0.3549020311111111 0.23986016833333332 0.42629492888888887 0.28019061666666667 0.4601024088888889 0.24789777166666668
2 0.45007407407407407 0.5940432098765432 0.11116049382716053 0.04135802469135797
2 0.5697283950617285 0.5166666666666667 0.1039999999999999 0.03283950617283949