7 0.6645833333333333 0.0253125 0.11916666666666667 0.050625
7 0.5952750000000001 0.14260624999999996 0.10722500000000006 0.046875
11 0.9375 0.16613750000000002 0.125 0.056443750000000015
11 0.7655583333333332 0.22778125 0.10889166666666673 0.06306875
13 0.4969416666666667 0.20716875 0.09944166666666661 0.05100000000000004
13 0.35389166666666666 0.23882500000000004 0.09666666666666666 0.04765000000000005
25 0.7427750000000001 0.7788625 0.11889166666666673 0.040231249999999934
25 0.6369416666666667 0.87341875 0.135 0.0376687499999999
24 0.5088916666666666 0.5708000000000001 0.08444166666666661 0.05327500000000005
24 0.6744416666666667 0.59475 0.08222500000000006 0.07200000000000008
41 0.8958333333333334 0.50436875 0.11944166666666661 0.03290625000000015
41 0.7669416666666667 0.5868375 0.10610833333333328 0.04784999999999987
38 0.7877750000000001 0.6922187499999999 0.08666666666666667 0.08359999999999976
38 0.9554166666666667 0.724375 0.08916666666666667 0.0825
19 0.39 0.7168000000000001 0.09110833333333328 0.05776250000000004
19 0.5311083333333334 0.71325625 0.10666666666666667 0.07151250000000005
3 0.19472499999999995 0.453125 0.065 0.0820874999999999
3 0.21555833333333332 0.5627 0.057775 0.06709999999999998
28 0.5608333333333333 0.44418125 0.105 0.033356249999999935
28 0.45277500000000004 0.5243625000000001 0.0944416666666666 0.03955624999999998
18 0.6044416666666668 0.28611875000000003 0.05777499999999994 0.07026249999999995
18 0.6311083333333334 0.41233125000000004 0.06222500000000006 0.07616874999999994
31 0.8944416666666666 0.30609375 0.12222500000000006 0.053024999999999996
31 0.8366666666666667 0.4298125000000001 0.11777499999999994 0.05209999999999999