7 0.018925925925925922 0.620246913580247 0.037851851851851845 0.08537037037037029
11 0.05973662551440328 0.8723333333333335 0.09802469135802468 0.10050617283950639
11 0.12585185185185185 0.7359814814814815 0.104 0.09054320987654327
13 0.07611522633744856 0.538962962962963 0.08786831275720165 0.08212345679012344
13 0.10594238683127571 0.4290864197530864 0.08330864197530863 0.08043209876543206
25 0.857917695473251 0.6458456790123457 0.07545679012345671 0.09538271604938284
25 0.9497530864197531 0.5554876543209876 0.03158847736625527 0.10346913580246905
24 0.5601069958847736 0.4999691358024691 0.0870617283950618 0.07045679012345678
24 0.6073662551440329 0.6202777777777777 0.11162139917695489 0.07225925925925936
41 0.5051522633744856 0.7964444444444445 0.0664526748971193 0.09366666666666675
41 0.6036954732510288 0.6894506172839506 0.08376954732510285 0.08709876543209892
38 0.7469711934156379 0.6910802469135803 0.1275226337448559 0.07734567901234565
38 0.8030617283950617 0.8122716049382717 0.12763786008230454 0.07901234567901232
19 0.7442633744855967 0.3926172839506173 0.09407407407407416 0.07549382716049384
19 0.7514485596707818 0.4976975308641975 0.11511111111111101 0.09060493827160485
3 0.3762551440329218 0.2813641975308642 0.12192592592592594 0.060654320987654275
3 0.5239753086419753 0.28301851851851856 0.09912757201646097 0.052197530864197574
28 0.3961893004115226 0.5557469135802469 0.06342386831275715 0.08198765432098754
28 0.49369547325102886 0.46375308641975305 0.07185185185185193 0.07537037037037028
18 0.1902222222222222 0.6087901234567901 0.10368724279835394 0.05388888888888895
18 0.36010699588477363 0.6114012345679013 0.11280658436214 0.05727160493827152
31 0.2421975308641975 0.8216604938271604 0.09346502057613167 0.09881481481481481
31 0.4019012345679012 0.7625246913580247 0.0910123456790124 0.09546913580246913