7 0.9419753086419753 0.619 0.06913580246913574 0.08407407407407391
11 0.872246913580247 0.871641975308642 0.09180246913580252 0.09932098765432101
11 0.8118024691358026 0.7359259259259259 0.09817283950617264 0.08939506172839515
13 0.8721234567901234 0.5381975308641975 0.08237037037037023 0.08088888888888884
13 0.848716049382716 0.42790123456790125 0.0756543209876544 0.07914814814814804
25 0.08513580246913581 0.6528271604938272 0.06943209876543209 0.0940740740740741
25 0.0035308641975308635 0.5634567901234568 0.007061728395061727 0.10358024691358025
24 0.3907654320987654 0.5036728395061728 0.08202469135802479 0.06922222222222217
24 0.3371851851851852 0.6239506172839506 0.10646913580246924 0.0694938271604938
41 0.4297777777777777 0.8000370370370371 0.06054320987654314 0.09397530864197544
41 0.33622222222222226 0.6939629629629629 0.07807407407407406 0.08583950617283942
38 0.19387654320987655 0.6965493827160494 0.12217283950617286 0.07466666666666659
38 0.13135802469135804 0.8183950617283952 0.12222222222222222 0.07633333333333325
19 0.21274074074074073 0.3974938271604938 0.08883950617283953 0.0742962962962963
19 0.19849382716049382 0.5032037037037037 0.10923456790123459 0.08785185185185185
3 0.5851358024691359 0.28325925925925927 0.11723456790123439 0.057950617283950595
3 0.438320987654321 0.2866296296296296 0.09481481481481485 0.0510370370370371
28 0.5514320987654321 0.5579753086419753 0.05797530864197521 0.08228395061728387
28 0.4596543209876543 0.46692592592592597 0.06439506172839503 0.07402469135802467
18 0.7555555555555555 0.6085925925925926 0.09925925925925917 0.051086419753086525
18 0.5842469135802468 0.613358024691358 0.11051851851851856 0.05620987654320989
31 0.6925432098765432 0.8221296296296298 0.08730864197530865 0.09760493827160492
31 0.5353086419753086 0.7645308641975309 0.08276543209876548 0.09422222222222217