20 0.17049166666666665 0.30107500000000004 0.05510000000000004 0.043125
20 0.3068416666666666 0.2994125 0.05969166666666663 0.046456250000000046
6 0.46281666666666665 0.32974375 0.08279999999999998 0.03729999999999999
6 0.5489583333333333 0.22751249999999998 0.08472500000000006 0.04067500000000005
51 0.4354166666666667 0.141425 0.08279999999999998 0.03155000000000001
51 0.5463666666666667 0.047075 0.08843333333333349 0.0283875
5 0.7327833333333333 0.2338625 0.056883333333333265 0.06089999999999994
5 0.9052749999999999 0.2697375 0.06265833333333325 0.06376874999999993
40 0.37765 0.41924374999999997 0.03836666666666664 0.06048750000000003
40 0.44919166666666666 0.5165312500000001 0.04221666666666667 0.06143749999999992
17 0.622725 0.52103125 0.042658333333333506 0.06643124999999998
17 0.7632166666666667 0.5981624999999999 0.04369999999999992 0.07293750000000007
21 0.3512083333333333 0.6097125 0.03732499999999997 0.06271250000000009
21 0.42608333333333337 0.71413125 0.04044166666666671 0.06618125000000001
13 0.6372416666666667 0.6942375000000001 0.09095000000000002 0.029562500000000113
13 0.5411083333333334 0.7918125 0.0853166666666665 0.029693750000000137
5 0.6353833333333334 0.90939375 0.08279999999999998 0.04771874999999985
5 0.8055833333333334 0.89368125 0.09139166666666673 0.05072499999999991