20 0.19905349794238683 0.26666666666666666 0.06444444444444444 0.045
20 0.20065843621399176 0.36916666666666664 0.06905349794238684 0.04833333333333333
6 0.24720164609053497 0.4841666666666667 0.05868312757201642 0.06333333333333334
6 0.11366255144032922 0.5558333333333333 0.06329218106995885 0.06666666666666667
51 0.010123456790123454 0.4766666666666667 0.020246913580246908 0.06333333333333334
5 0.1279835390946502 0.6933333333333334 0.08905349794238683 0.04833333333333333
5 0.18176954732510286 0.8191666666666667 0.091440329218107 0.051666666666666666
40 0.3639917695473251 0.4141666666666667 0.08378600823045265 0.03166666666666667
40 0.4961316872427983 0.4608333333333333 0.08625514403292174 0.03666666666666667
17 0.5075308641975309 0.59 0.09292181069958853 0.03666666666666667
17 0.6148148148148148 0.69 0.10189300411522632 0.03833333333333333
21 0.6167489711934157 0.38083333333333336 0.08831275720164589 0.03333333333333333
21 0.7588065843621399 0.42916666666666664 0.09283950617283962 0.035
13 0.7386831275720164 0.5891666666666666 0.05012345679012343 0.07
13 0.865925925925926 0.51 0.04987654320987657 0.065