20 0.8981069958847737 0.7238580246913581 0.07382716049382705 0.05191358024691359
20 0.8614814814814814 0.6222839506172839 0.07860082304526764 0.055370370370370285
6 0.7774485596707819 0.5119135802469136 0.07119341563786015 0.07012345679012355
6 0.8858024691358024 0.4309876543209877 0.07580246913580241 0.07191358024691359
51 0.9972016460905351 0.4987654320987654 0.0055967078189299475 0.06802469135802464
5 0.8247736625514404 0.2954938271604938 0.09876543209876545 0.05759259259259257
5 0.7308641975308643 0.17487654320987653 0.10131687242798358 0.06098765432098768
40 0.6876543209876543 0.5900308641975309 0.0906172839506174 0.04240740740740743
40 0.5423045267489712 0.5544135802469136 0.09316872427983539 0.04580246913580254
17 0.48876543209876544 0.42743827160493825 0.1 0.04765432098765435
17 0.3490123456790123 0.33629629629629626 0.10921810699588479 0.0512345679012346
21 0.45024691358024693 0.6432716049382715 0.09522633744855966 0.04419753086419746
21 0.29584362139917697 0.6057407407407408 0.09983539094650205 0.045987654320987684
13 0.2611522633744856 0.44521604938271603 0.06502057613168725 0.07493827160493823
13 0.16353909465020577 0.5339197530864197 0.06452674897119341 0.06993827160493822