51 0.5966666666666667 0.03535 0.1044416666666666 0.028200000000000003
51 0.4788916666666666 0.12365625 0.11333333333333333 0.03814375000000003
20 0.1919416666666667 0.287975 0.0783333333333334 0.06261250000000008
20 0.33805833333333335 0.28985 0.09277500000000007 0.06219375000000004
6 0.6044416666666668 0.218625 0.09777499999999995 0.02808749999999994
6 0.5025 0.32463125 0.1105583333333334 0.03593125000000005
40 0.42110833333333336 0.407725 0.042224999999999936 0.07294999999999997
40 0.49666666666666665 0.5156062499999999 0.03777499999999994 0.08038124999999999
17 0.6705583333333333 0.51748125 0.06333333333333334 0.07996249999999994
17 0.8188916666666666 0.59849375 0.06 0.08782500000000008
21 0.3888916666666667 0.6091249999999999 0.04444166666666673 0.06324374999999995
21 0.4769416666666667 0.72491875 0.04610833333333327 0.08150000000000016
13 0.6855583333333333 0.69680625 0.1044416666666666 0.03444999999999993
13 0.5855583333333333 0.7948999999999999 0.1044416666666666 0.03480624999999994
5 0.6716666666666666 0.91506875 0.13222500000000006 0.054306250000000014
5 0.8602749999999999 0.8896625 0.115 0.06181874999999991
5 0.7786083333333333 0.22445000000000004 0.0905583333333334 0.07306875
5 0.9583333333333334 0.26610625 0.08333333333333333 0.07304375000000003