51 0.252716049382716 0.07664814814814815 0.11387654320987653 0.05098765432098766
51 0.3911358024691358 0.1463456790123457 0.125679012345679 0.06308641975308642
20 0.7158271604938271 0.26755555555555555 0.1 0.07871604938271606
20 0.5741975308641976 0.2896111111111111 0.1156543209876544 0.08098765432098769
6 0.2932098765432099 0.25780246913580246 0.10711111111111109 0.04906172839506174
6 0.4215061728395062 0.34798765432098766 0.1232592592592592 0.05966666666666669
40 0.5232098765432099 0.4170925925925926 0.06908641975308633 0.08083950617283951
40 0.47837037037037033 0.5347901234567901 0.06725925925925923 0.08741975308641979
17 0.30750617283950615 0.5615555555555556 0.09190123456790124 0.09170370370370373
17 0.18350617283950618 0.6619753086419754 0.09239506172839507 0.10003703703703688
21 0.6086172839506173 0.6108518518518518 0.06859259259259261 0.07250617283950608
21 0.5532345679012346 0.7373271604938272 0.07634567901234568 0.09109876543209869
13 0.34041975308641975 0.7390740740740741 0.11649382716049382 0.05774074074074065
13 0.464716049382716 0.8215864197530864 0.11649382716049382 0.05774074074074065
5 0.4113086419753087 0.9523148148148148 0.15130864197530855 0.08403703703703704
5 0.2207654320987654 0.9540925925925925 0.13585185185185183 0.08509876543209885
5 0.12320987654320988 0.28877777777777774 0.11634567901234567 0.09265432098765435
5 0.007432098765432098 0.35564814814814816 0.014864197530864195 0.08796296296296295