51 0.5130864197530864 0.013555555555555555 0.11012345679012343 0.02711111111111111
51 0.611679012345679 0.10127777777777777 0.12158024691358024 0.05933333333333332
20 0.8620493827160494 0.28905555555555557 0.09328395061728391 0.07788888888888891
20 0.7181975308641975 0.27872222222222226 0.10883950617283972 0.07866666666666675
6 0.46841975308641975 0.18605555555555553 0.10340740740740734 0.0451111111111111
6 0.5474814814814815 0.3006111111111111 0.11925925925925918 0.055888888888888835
40 0.6113086419753085 0.3892222222222222 0.06009876543209884 0.08122222222222225
40 0.5152839506172839 0.49083333333333334 0.058024691358024634 0.08611111111111104
17 0.34244444444444444 0.47861111111111104 0.08256790123456792 0.09066666666666681
17 0.1797777777777778 0.5468333333333334 0.08281481481481479 0.09900000000000016
21 0.6028641975308642 0.5924444444444444 0.05980246913580257 0.07122222222222224
21 0.49259259259259264 0.7014444444444444 0.06701234567901238 0.08988888888888899
13 0.29204938271604935 0.6555555555555557 0.11254320987654322 0.053888888888888764
13 0.3708641975308642 0.7617777777777778 0.11254320987654322 0.05388888888888895
5 0.26071604938271603 0.8749444444444445 0.14656790123456795 0.07888888888888876
5 0.08481481481481483 0.8345 0.12222222222222222 0.08100000000000004
5 0.2945679012345679 0.17722222222222223 0.10913580246913575 0.08866666666666664
5 0.10955555555555554 0.20483333333333334 0.10246913580246915 0.08833333333333333