39 0.6002222222222223 0.27321604938271604 0.17116049382716028 0.08591358024691355
39 0.6778847736625514 0.4127530864197531 0.15494650205761318 0.07749382716049373
45 0.4022716049382716 0.3120987654320988 0.11744855967078188 0.10893827160493828
45 0.2413415637860082 0.3978333333333333 0.1031934156378601 0.09719753086419758
1 0.07222222222222222 0.4502037037037038 0.07728395061728394 0.05040740740740754
1 0.19836213991769547 0.5566913580246914 0.12225514403292184 0.05732098765432094
49 0.7435555555555556 0.6113641975308642 0.09377777777777788 0.09048148148148148
49 0.9078930041152263 0.5406419753086419 0.08724279835390941 0.09211111111111109
14 0.9840740740740742 0.34206790123456793 0.03185185185185169 0.07364197530864203
34 0.2139423868312757 0.14945679012345678 0.09247736625514398 0.1021358024691358
25 0.4582962962962963 0.44485185185185194 0.11624691358024695 0.0656172839506174
25 0.5138683127572017 0.5859320987654321 0.13206584362139917 0.06903703703703702