39 0.18333333333333332 0.501875 0.08 0.11125
39 0.3466666666666667 0.584375 0.07 0.10125
45 0.2833333333333333 0.365 0.13 0.06
45 0.43666666666666665 0.264375 0.11666666666666667 0.05125
1 0.5475 0.1275 0.051666666666666666 0.0975
1 0.6558333333333334 0.261875 0.051666666666666666 0.08125
49 0.5925 0.668125 0.10833333333333334 0.04625
49 0.4583333333333333 0.775 0.11333333333333333 0.04
14 0.16666666666666666 0.831875 0.07 0.08625
14 0.33666666666666667 0.925 0.05 0.085
34 0.2475 0.08625 0.12166666666666667 0.0425
34 0.11666666666666667 0.198125 0.12666666666666668 0.04125
25 0.44416666666666665 0.43 0.065 0.0725
25 0.615 0.49625 0.06666666666666667 0.085