39 0.571604938271605 0.7489074074074074 0.1561152263374485 0.06669135802469138
39 0.6661069958847737 0.6253950617283951 0.14225514403292183 0.05972839506172837
45 0.3805185185185185 0.674783950617284 0.09221399176954732 0.10020987654320986
45 0.2316954732510288 0.5600061728395062 0.08031275720164609 0.08996296296296294
1 0.07099588477366256 0.47740740740740745 0.06982716049382715 0.04148148148148152
1 0.20761316872427982 0.3955925925925926 0.11440329218106993 0.04413580246913578
49 0.7546913580246913 0.44102469135802463 0.07325102880658454 0.08481481481481486
49 0.9089958847736626 0.5409506172839507 0.06462551440329208 0.08795061728395069
14 0.9747160493827162 0.7593703703703704 0.050567901234567725 0.05903703703703703
34 0.17412345679012345 0.7999691358024692 0.06763786008230455 0.09799999999999992
25 0.4518847736625514 0.5532530864197531 0.10408230452674894 0.053888888888888764
25 0.5237695473251028 0.4242469135802469 0.11976954732510295 0.05590123456790129